0.00000000e+000	2.63095390e-001	
3.25476189e-004	2.67697293e-001	
6.50952378e-004	2.71577549e-001	
9.76428567e-004	2.71385537e-001	
1.30190476e-003	2.71066746e-001	
1.62738094e-003	2.71375678e-001	
1.95285713e-003	2.71674925e-001	
2.27833332e-003	2.71630701e-001	
2.60380951e-003	2.71582591e-001	
2.92928570e-003	2.71599612e-001	
3.25476189e-003	2.71612648e-001	
3.58023808e-003	2.71652772e-001	
3.90571427e-003	2.71693436e-001	
4.23119046e-003	2.71725248e-001	
4.55666664e-003	2.71756286e-001	
4.88214283e-003	2.71769233e-001	
5.20761902e-003	2.71781662e-001	
5.53309521e-003	2.71813829e-001	
5.85857140e-003	2.71846290e-001	
6.18404759e-003	2.71859281e-001	
6.50952378e-003	2.71871542e-001	
6.83499997e-003	2.71906640e-001	
7.16047615e-003	2.71942331e-001	
7.48595234e-003	2.71958403e-001	
7.81142853e-003	2.71973561e-001	
8.13690472e-003	2.72008179e-001	
8.46238091e-003	2.72043414e-001	
8.78785710e-003	2.72059547e-001	
9.11333329e-003	2.72074614e-001	
9.43880948e-003	2.72112644e-001	
9.76428567e-003	2.72151685e-001	
1.00897619e-002	2.72171644e-001	
1.04152380e-002	2.72190360e-001	
1.07407142e-002	2.72231355e-001	
1.10661904e-002	2.72273512e-001	
1.13916666e-002	2.72296798e-001	
1.17171428e-002	2.72318674e-001	
1.20426190e-002	2.72360926e-001	
1.23680952e-002	2.72404386e-001	
1.26935714e-002	2.72429219e-001	
1.30190476e-002	2.72452478e-001	
1.33445237e-002	2.72496614e-001	
1.36699999e-002	2.72542184e-001	
1.39954761e-002	2.72569058e-001	
1.43209523e-002	2.72594168e-001	
1.46464285e-002	2.72639544e-001	
1.49719047e-002	2.72686502e-001	
1.52973809e-002	2.72715277e-001	
1.56228571e-002	2.72742154e-001	
1.59483333e-002	2.72781095e-001	
1.62738094e-002	2.72820917e-001	
1.65992856e-002	2.72861305e-001	
1.69247618e-002	2.72901759e-001	
1.72502380e-002	2.72943420e-001	
1.75757142e-002	2.72985093e-001	
1.79011904e-002	2.73026407e-001	
1.82266666e-002	2.73067675e-001	
1.85521428e-002	2.73118142e-001	
1.88776190e-002	2.73170030e-001	
1.92030951e-002	2.73203080e-001	
1.95285713e-002	2.73233509e-001	
1.98540475e-002	2.73286034e-001	
2.01795237e-002	2.73341919e-001	
2.05049999e-002	2.73379254e-001	
2.08304761e-002	2.73413806e-001	
2.11559523e-002	2.73469254e-001	
2.14814285e-002	2.73528106e-001	
2.18069047e-002	2.73568626e-001	
2.21323808e-002	2.73606191e-001	
2.24578570e-002	2.73661329e-001	
2.27833332e-002	2.73719563e-001	
2.31088094e-002	2.73759401e-001	
2.34342856e-002	2.73796065e-001	
2.37597618e-002	2.73852523e-001	
2.40852380e-002	2.73912678e-001	
2.44107142e-002	2.73954687e-001	
2.47361904e-002	2.73993356e-001	
2.50616665e-002	2.74051084e-001	
2.53871427e-002	2.74112593e-001	
2.57126189e-002	2.74156186e-001	
2.60380951e-002	2.74196268e-001	
2.63635713e-002	2.74253873e-001	
2.66890475e-002	2.74315179e-001	
2.70145237e-002	2.74358580e-001	
2.73399999e-002	2.74398257e-001	
2.76654761e-002	2.74458042e-001	
2.79909522e-002	2.74522288e-001	
2.83164284e-002	2.74568883e-001	
2.86419046e-002	2.74611591e-001	
2.89673808e-002	2.74673653e-001	
2.92928570e-002	2.74740245e-001	
2.96183332e-002	2.74789367e-001	
2.99438094e-002	2.74834423e-001	
3.02692856e-002	2.74887696e-001	
3.05947618e-002	2.74943111e-001	
3.09202379e-002	2.74997879e-001	
3.12457141e-002	2.75052488e-001	
3.15711903e-002	2.75108617e-001	
3.18966665e-002	2.75164939e-001	
3.22221427e-002	2.75221851e-001	
3.25476189e-002	2.75278914e-001	
3.28730951e-002	2.75345328e-001	
3.31985713e-002	2.75413619e-001	
3.35240475e-002	2.75465969e-001	
3.38495236e-002	2.75514052e-001	
3.41749998e-002	2.75578261e-001	
3.45004760e-002	2.75646341e-001	
3.48259522e-002	2.75698697e-001	
3.51514284e-002	2.75746630e-001	
3.54769046e-002	2.75810936e-001	
3.58023808e-002	2.75879403e-001	
3.61278570e-002	2.75932370e-001	
3.64533332e-002	2.75980764e-001	
3.67788093e-002	2.76039251e-001	
3.71042855e-002	2.76100198e-001	
3.74297617e-002	2.76161705e-001	
3.77552379e-002	2.76223385e-001	
3.80807141e-002	2.76286311e-001	
3.84061903e-002	2.76349406e-001	
3.87316665e-002	2.76411948e-001	
3.90571427e-002	2.76474308e-001	
3.93826189e-002	2.76536492e-001	
3.97080950e-002	2.76598813e-001	
4.00335712e-002	2.76660393e-001	
4.03590474e-002	2.76721719e-001	
4.06845236e-002	2.76784409e-001	
4.10099998e-002	2.76847357e-001	
4.13354760e-002	2.76910892e-001	
4.16609522e-002	2.76974634e-001	
4.19864284e-002	2.77039334e-001	
4.23119046e-002	2.77103723e-001	
4.26373807e-002	2.77168662e-001	
4.29628569e-002	2.77233805e-001	
4.32883331e-002	2.77299223e-001	
4.36138093e-002	2.77364512e-001	
4.39392855e-002	2.77429096e-001	
4.42647617e-002	2.77493404e-001	
4.45902379e-002	2.77566500e-001	
4.49157141e-002	2.77643273e-001	
4.52411903e-002	2.77704408e-001	
4.55666664e-002	2.77759193e-001	
4.58921426e-002	2.77829986e-001	
4.62176188e-002	2.77907572e-001	
4.65430950e-002	2.77969708e-001	
4.68685712e-002	2.78025312e-001	
4.71940474e-002	2.78095937e-001	
4.75195236e-002	2.78173203e-001	
4.78449998e-002	2.78235182e-001	
4.81704760e-002	2.78290437e-001	
4.84959521e-002	2.78360962e-001	
4.88214283e-002	2.78438505e-001	
4.91469045e-002	2.78500902e-001	
4.94723807e-002	2.78556373e-001	
4.97978569e-002	2.78620344e-001	
5.01233331e-002	2.78688470e-001	
5.04488093e-002	2.78755952e-001	
5.07742855e-002	2.78823127e-001	
5.10997617e-002	2.78891223e-001	
5.14252378e-002	2.78959510e-001	
5.17507140e-002	2.79028372e-001	
5.20761902e-002	2.79097515e-001	
5.24016664e-002	2.79166095e-001	
5.27271426e-002	2.79233658e-001	
5.30526188e-002	2.79301792e-001	
5.33780950e-002	2.79370215e-001	
5.37035712e-002	2.79438143e-001	
5.40290474e-002	2.79505549e-001	
5.43545235e-002	2.79572349e-001	
5.46799997e-002	2.79638828e-001	
5.50054759e-002	2.79706078e-001	
5.53309521e-002	2.79773968e-001	
5.56564283e-002	2.79841293e-001	
5.59819045e-002	2.79908307e-001	
5.63073807e-002	2.79975545e-001	
5.66328569e-002	2.80042659e-001	
5.69583331e-002	2.80110340e-001	
5.72838092e-002	2.80178343e-001	
5.76092854e-002	2.80252640e-001	
5.79347616e-002	2.80329847e-001	
5.82602378e-002	2.80394288e-001	
5.85857140e-002	2.80451245e-001	
5.89111902e-002	2.80513618e-001	
5.92366664e-002	2.80578481e-001	
5.95621426e-002	2.80643829e-001	
5.98876187e-002	2.80709471e-001	
6.02130949e-002	2.80773538e-001	
6.05385711e-002	2.80836347e-001	
6.08640473e-002	2.80898734e-001	
6.11895235e-002	2.80960852e-001	
6.15149997e-002	2.81029326e-001	
6.18404759e-002	2.81102147e-001	
6.21659521e-002	2.81161604e-001	
6.24914283e-002	2.81212257e-001	
6.28169044e-002	2.81275275e-001	
6.31423806e-002	2.81346837e-001	
6.34678568e-002	2.81405081e-001	
6.37933330e-002	2.81454241e-001	
6.41188092e-002	2.81513562e-001	
6.44442854e-002	2.81580218e-001	
6.47697616e-002	2.81633878e-001	
6.50952378e-002	2.81678365e-001	
6.54207140e-002	2.81734329e-001	
6.57461901e-002	2.81798799e-001	
6.60716663e-002	2.81850606e-001	
6.63971425e-002	2.81893162e-001	
6.67226187e-002	2.81945952e-001	
6.70480949e-002	2.82006624e-001	
6.73735711e-002	2.82054754e-001	
6.76990473e-002	2.82093405e-001	
6.80245235e-002	2.82138951e-001	
6.83499997e-002	2.82190150e-001	
6.86754758e-002	2.82229008e-001	
6.90009520e-002	2.82258218e-001	
6.93264282e-002	2.82296982e-001	
6.96519044e-002	2.82343759e-001	
6.99773806e-002	2.82378217e-001	
7.03028568e-002	2.82402711e-001	
7.06283330e-002	2.82436963e-001	
7.09538092e-002	2.82479665e-001	
7.12792854e-002	2.82510708e-001	
7.16047615e-002	2.82532000e-001	
7.19302377e-002	2.82557660e-001	
7.22557139e-002	2.82587517e-001	
7.25811901e-002	2.82605753e-001	
7.29066663e-002	2.82613939e-001	
7.32321425e-002	2.82626731e-001	
7.35576187e-002	2.82644186e-001	
7.38830949e-002	2.82652170e-001	
7.42085711e-002	2.82651682e-001	
7.45340472e-002	2.82625344e-001	
7.48595234e-002	2.82576984e-001	
7.51849996e-002	2.82565456e-001	
7.55104758e-002	2.82587991e-001	
7.58359520e-002	2.82403345e-001	
7.61614282e-002	2.82043095e-001	
7.64869044e-002	2.82001303e-001	
7.68123806e-002	2.82264031e-001	
7.71378568e-002	2.84028696e-001	
7.74633329e-002	2.93674114e-001	
7.77888091e-002	2.61939697e-001	
7.81142853e-002	1.67374796e-001	
7.84397615e-002	3.43286315e-002	
7.87652377e-002	-6.16068071e-003	
7.90907139e-002	-4.84759095e-003	
7.94161901e-002	-8.94952745e-003	
7.97416663e-002	-8.53801674e-003	
8.00671425e-002	-8.83252254e-003	
8.03926186e-002	-8.93633870e-003	
8.07180948e-002	-8.83862903e-003	
8.10435710e-002	-8.79344477e-003	
8.13690472e-002	-8.80144163e-003	
8.16945234e-002	-8.80503528e-003	
8.20199996e-002	-8.80381758e-003	
8.23454758e-002	-8.79163496e-003	
8.26709520e-002	-8.76675768e-003	
8.29964282e-002	-8.74154711e-003	
8.33219043e-002	-8.71595997e-003	
8.36473805e-002	-8.68155775e-003	
8.39728567e-002	-8.63712698e-003	
8.42983329e-002	-8.59204048e-003	
8.46238091e-002	-8.54618787e-003	
8.49492853e-002	-8.49696970e-003	
8.52747615e-002	-8.44407896e-003	
8.56002377e-002	-8.39108004e-003	
8.59257139e-002	-8.33795041e-003	
8.62511900e-002	-8.28194215e-003	
8.65766662e-002	-8.22264416e-003	
8.69021424e-002	-8.16355014e-003	
8.72276186e-002	-8.10471104e-003	
8.75530948e-002	-8.04608769e-003	
8.78785710e-002	-7.98787504e-003	
8.82040472e-002	-7.92989439e-003	
8.85295234e-002	-7.87221363e-003	
8.88549996e-002	-7.81223807e-003	
8.91804757e-002	-7.74944229e-003	
8.95059519e-002	-7.68668409e-003	
8.98314281e-002	-7.62397612e-003	
9.01569043e-002	-7.55711008e-003	
9.04823805e-002	-7.48489507e-003	
9.08078567e-002	-7.41278413e-003	
9.11333329e-002	-7.34081718e-003	
9.14588091e-002	-7.26600180e-003	
9.17842853e-002	-7.18749941e-003	
9.21097614e-002	-7.10928983e-003	
9.24352376e-002	-7.03149955e-003	
9.27607138e-002	-6.95225079e-003	
9.30861900e-002	-6.87122317e-003	
9.34116662e-002	-6.79036541e-003	
9.37371424e-002	-6.70975943e-003	
9.40626186e-002	-6.62885879e-003	
9.43880948e-002	-6.54789845e-003	
9.47135710e-002	-6.46715860e-003	
9.50390471e-002	-6.38675713e-003	
9.53645233e-002	-6.30577715e-003	
9.56899995e-002	-6.22428973e-003	
9.60154757e-002	-6.14306778e-003	
9.63409519e-002	-6.06226777e-003	
9.66664281e-002	-5.97928129e-003	
9.69919043e-002	-5.89318814e-003	
9.73173805e-002	-5.80734916e-003	
9.76428567e-002	-5.72192868e-003	
9.79683328e-002	-5.63454436e-003	
9.82938090e-002	-5.54433288e-003	
9.86192852e-002	-5.45438023e-003	
9.89447614e-002	-5.36486918e-003	
9.92702376e-002	-5.27479995e-003	
9.95957138e-002	-5.18421419e-003	
9.99211900e-002	-5.09395566e-003	
1.00246666e-001	-5.00427589e-003	
1.00572142e-001	-4.91383962e-003	
1.00897619e-001	-4.82249862e-003	
1.01223095e-001	-4.73148011e-003	
1.01548571e-001	-4.64105310e-003	
1.01874047e-001	-4.54985825e-003	
1.02199523e-001	-4.45772918e-003	
1.02524999e-001	-4.36587758e-003	
1.02850476e-001	-4.27455390e-003	
1.03175952e-001	-4.18242230e-003	
1.03501428e-001	-4.08926139e-003	
1.03826904e-001	-3.99640817e-003	
1.04152380e-001	-3.90416249e-003	
1.04477857e-001	-3.81087475e-003	
1.04803333e-001	-3.71603832e-003	
1.05128809e-001	-3.62154034e-003	
1.05454285e-001	-3.52773624e-003	
1.05779761e-001	-3.43311417e-003	
1.06105238e-001	-3.33734490e-003	
1.06430714e-001	-3.24189225e-003	
1.06756190e-001	-3.14711390e-003	
1.07081666e-001	-3.05175506e-003	
1.07407142e-001	-2.95571495e-003	
1.07732619e-001	-2.86000818e-003	
1.08058095e-001	-2.76503927e-003	
1.08383571e-001	-2.66934657e-003	
1.08709047e-001	-2.57261558e-003	
1.09034523e-001	-2.47622230e-003	
1.09359999e-001	-2.38060643e-003	
1.09685476e-001	-2.28437210e-003	
1.10010952e-001	-2.18730472e-003	
1.10336428e-001	-2.09056407e-003	
1.10661904e-001	-1.99460603e-003	
1.10987380e-001	-1.89814947e-003	
1.11312857e-001	-1.80111629e-003	
1.11638333e-001	-1.70441769e-003	
1.11963809e-001	-1.60855361e-003	
1.12289285e-001	-1.51200084e-003	
1.12614761e-001	-1.41436214e-003	
1.12940238e-001	-1.31706227e-003	
1.13265714e-001	-1.22064303e-003	
1.13591190e-001	-1.12353835e-003	
1.13916666e-001	-1.02531735e-003	
1.14242142e-001	-9.27414191e-004	
1.14567618e-001	-8.30372452e-004	
1.14893095e-001	-7.32842817e-004	
1.15218571e-001	-6.34687886e-004	
1.15544047e-001	-5.36861561e-004	
1.15869523e-001	-4.39964758e-004	
1.16194999e-001	-3.42950860e-004	
1.16520476e-001	-2.46317840e-004	
1.16845952e-001	-1.49338655e-004	
1.17171428e-001	-5.13506748e-005	
1.17496904e-001	4.68090967e-005	
1.17822380e-001	1.44748185e-004	
1.18147857e-001	2.42376802e-004	
1.18473333e-001	3.39046169e-004	
1.18798809e-001	4.35839259e-004	
1.19124285e-001	5.32241070e-004	
1.19449761e-001	6.28953421e-004	
1.19775237e-001	7.26655571e-004	
1.20100714e-001	8.24532581e-004	
1.20426190e-001	9.22186916e-004	
1.20751666e-001	1.01955703e-003	
1.21077142e-001	1.11596400e-003	
1.21402618e-001	1.21261541e-003	
1.21728095e-001	1.30929533e-003	
1.22053571e-001	1.40628752e-003	
1.22379047e-001	1.50437313e-003	
1.22704523e-001	1.60253757e-003	
1.23029999e-001	1.70015130e-003	
1.23355476e-001	1.79748752e-003	
1.23680952e-001	1.89378722e-003	
1.24006428e-001	1.99045821e-003	
1.24331904e-001	2.08769501e-003	
1.24657380e-001	2.18462545e-003	
1.24982857e-001	2.28035200e-003	
1.25308333e-001	2.37662664e-003	
1.25633809e-001	2.47421022e-003	
1.25959285e-001	2.57149927e-003	
1.26284761e-001	2.66756872e-003	
1.26610237e-001	2.76383358e-003	
1.26935714e-001	2.85995951e-003	
1.27261190e-001	2.95581990e-003	
1.27586666e-001	3.05051962e-003	
1.27912142e-001	3.14534202e-003	
1.28237618e-001	3.23969144e-003	
1.28563095e-001	3.33377956e-003	
1.28888571e-001	3.42665981e-003	
1.29214047e-001	3.51999918e-003	
1.29539523e-001	3.61447353e-003	
1.29864999e-001	3.70868725e-003	
1.30190476e-001	3.80162418e-003	
1.30515952e-001	3.89495620e-003	
1.30841428e-001	3.98923862e-003	
1.31166904e-001	4.08327083e-003	
1.31492380e-001	4.17600092e-003	
1.31817856e-001	4.26895416e-003	
1.32143333e-001	4.36207549e-003	
1.32468809e-001	4.45494177e-003	
1.32794285e-001	4.54639449e-003	
1.33119761e-001	4.63797618e-003	
1.33445237e-001	4.72922586e-003	
1.33770714e-001	4.82025019e-003	
1.34096190e-001	4.90994053e-003	
1.34421666e-001	4.99984586e-003	
1.34747142e-001	5.08988895e-003	
1.35072618e-001	5.17973418e-003	
1.35398095e-001	5.26832440e-003	
1.35723571e-001	5.35712848e-003	
1.36049047e-001	5.44614017e-003	
1.36374523e-001	5.53494213e-003	
1.36699999e-001	5.62231347e-003	
1.37025476e-001	5.70991828e-003	
1.37350952e-001	5.79802729e-003	
1.37676428e-001	5.88591234e-003	
1.38001904e-001	5.97214753e-003	
1.38327380e-001	6.05832907e-003	
1.38652856e-001	6.14279674e-003	
1.38978333e-001	6.22711856e-003	
1.39303809e-001	6.31027441e-003	
1.39629285e-001	6.39322364e-003	
1.39954761e-001	6.47298584e-003	
1.40280237e-001	6.55260860e-003	
1.40605714e-001	6.63101511e-003	
1.40931190e-001	6.70954978e-003	
1.41256666e-001	6.78796729e-003	
1.41582142e-001	6.86620637e-003	
1.41907618e-001	6.94273611e-003	
1.42233095e-001	7.01941421e-003	
1.42558571e-001	7.09641270e-003	
1.42884047e-001	7.17326826e-003	
1.43209523e-001	7.24860831e-003	
1.43534999e-001	7.32376399e-003	
1.43860475e-001	7.39541750e-003	
1.44185952e-001	7.46697023e-003	
1.44511428e-001	7.53732936e-003	
1.44836904e-001	7.60747189e-003	
1.45162380e-001	7.67324610e-003	
1.45487856e-001	7.73892497e-003	
1.45813333e-001	7.80332785e-003	
1.46138809e-001	7.86779817e-003	
1.46464285e-001	7.93164114e-003	
1.46789761e-001	7.99541093e-003	
1.47115237e-001	8.05805776e-003	
1.47440714e-001	8.12054188e-003	
1.47766190e-001	8.17947374e-003	
1.48091666e-001	8.23835729e-003	
1.48417142e-001	8.29637499e-003	
1.48742618e-001	8.35403794e-003	
1.49068094e-001	8.40490335e-003	
1.49393571e-001	8.45582257e-003	
1.49719047e-001	8.50782953e-003	
1.50044523e-001	8.55961475e-003	
1.50369999e-001	8.60600221e-003	
1.50695475e-001	8.65235814e-003	
1.51020952e-001	8.69793340e-003	
1.51346428e-001	8.74269592e-003	
1.51671904e-001	8.76434829e-003	
1.51997380e-001	8.78596024e-003	
1.52322856e-001	8.80628656e-003	
1.52648333e-001	8.82600254e-003	
1.52973809e-001	8.83055093e-003	
1.53299285e-001	8.83474849e-003	
1.53624761e-001	8.82345660e-003	
1.53950237e-001	8.81378684e-003	
1.54275714e-001	9.01753336e-003	
1.54601190e-001	9.21545573e-003	
1.54926666e-001	8.99759131e-003	
1.55252142e-001	8.79945542e-003	
1.55577618e-001	1.39777481e-002	
1.55903094e-001	9.41948628e-003	
1.56228571e-001	-7.22837157e-003	
1.56554047e-001	-8.98191524e-002	
1.56879523e-001	-2.14277443e-001	
1.57204999e-001	-2.85143165e-001	
1.57530475e-001	-2.82303479e-001	
1.57855952e-001	-2.82421346e-001	
1.58181428e-001	-2.82176300e-001	
1.58506904e-001	-2.81910917e-001	
1.58832380e-001	-2.82270011e-001	
1.59157856e-001	-2.82636169e-001	
1.59483333e-001	-2.82639377e-001	
1.59808809e-001	-2.82626849e-001	
1.60134285e-001	-2.82684020e-001	
1.60459761e-001	-2.82742578e-001	
1.60785237e-001	-2.82744103e-001	
1.61110713e-001	-2.82743382e-001	
1.61436190e-001	-2.82724791e-001	
1.61761666e-001	-2.82705689e-001	
1.62087142e-001	-2.82689818e-001	
1.62412618e-001	-2.82673673e-001	
1.62738094e-001	-2.82636886e-001	
1.63063571e-001	-2.82599324e-001	
1.63389047e-001	-2.82576255e-001	
1.63714523e-001	-2.82553497e-001	
1.64039999e-001	-2.82509808e-001	
1.64365475e-001	-2.82465143e-001	
1.64690952e-001	-2.82434502e-001	
1.65016428e-001	-2.82404314e-001	
1.65341904e-001	-2.82353317e-001	
1.65667380e-001	-2.82301158e-001	
1.65992856e-001	-2.82270789e-001	
1.66318333e-001	-2.82241510e-001	
1.66643809e-001	-2.82191741e-001	
1.66969285e-001	-2.82140636e-001	
1.67294761e-001	-2.82105754e-001	
1.67620237e-001	-2.82071778e-001	
1.67945713e-001	-2.82017243e-001	
1.68271190e-001	-2.81961173e-001	
1.68596666e-001	-2.81916217e-001	
1.68922142e-001	-2.81871912e-001	
1.69247618e-001	-2.81806993e-001	
1.69573094e-001	-2.81740335e-001	
1.69898571e-001	-2.81689653e-001	
1.70224047e-001	-2.81640200e-001	
1.70549523e-001	-2.81570519e-001	
1.70874999e-001	-2.81498930e-001	
1.71200475e-001	-2.81448499e-001	
1.71525952e-001	-2.81400018e-001	
1.71851428e-001	-2.81331647e-001	
1.72176904e-001	-2.81261198e-001	
1.72502380e-001	-2.81208961e-001	
1.72827856e-001	-2.81158570e-001	
1.73153332e-001	-2.81088337e-001	
1.73478809e-001	-2.81015829e-001	
1.73804285e-001	-2.80959551e-001	
1.74129761e-001	-2.80905051e-001	
1.74455237e-001	-2.80830629e-001	
1.74780713e-001	-2.80753715e-001	
1.75106190e-001	-2.80695946e-001	
1.75431666e-001	-2.80640505e-001	
1.75757142e-001	-2.80565507e-001	
1.76082618e-001	-2.80487854e-001	
1.76408094e-001	-2.80429715e-001	
1.76733571e-001	-2.80374175e-001	
1.77059047e-001	-2.80299245e-001	
1.77384523e-001	-2.80221473e-001	
1.77709999e-001	-2.80163047e-001	
1.78035475e-001	-2.80107426e-001	
1.78360951e-001	-2.80032755e-001	
1.78686428e-001	-2.79955080e-001	
1.79011904e-001	-2.79895798e-001	
1.79337380e-001	-2.79839387e-001	
1.79662856e-001	-2.79764052e-001	
1.79988332e-001	-2.79685520e-001	
1.80313809e-001	-2.79625196e-001	
1.80639285e-001	-2.79567910e-001	
1.80964761e-001	-2.79491757e-001	
1.81290237e-001	-2.79412198e-001	
1.81615713e-001	-2.79351113e-001	
1.81941190e-001	-2.79293324e-001	
1.82266666e-001	-2.79217006e-001	
1.82592142e-001	-2.79137127e-001	
1.82917618e-001	-2.79076155e-001	
1.83243094e-001	-2.79018790e-001	
1.83568571e-001	-2.78943077e-001	
1.83894047e-001	-2.78863618e-001	
1.84219523e-001	-2.78803556e-001	
1.84544999e-001	-2.78747427e-001	
1.84870475e-001	-2.78673088e-001	
1.85195951e-001	-2.78594810e-001	
1.85521428e-001	-2.78535157e-001	
1.85846904e-001	-2.78479503e-001	
1.86172380e-001	-2.78405898e-001	
1.86497856e-001	-2.78328186e-001	
1.86823332e-001	-2.78268030e-001	
1.87148809e-001	-2.78211862e-001	
1.87474285e-001	-2.78137992e-001	
1.87799761e-001	-2.78059846e-001	
1.88125237e-001	-2.77999535e-001	
1.88450713e-001	-2.77943510e-001	
1.88776190e-001	-2.77869943e-001	
1.89101666e-001	-2.77791912e-001	
1.89427142e-001	-2.77732350e-001	
1.89752618e-001	-2.77677468e-001	
1.90078094e-001	-2.77605228e-001	
1.90403570e-001	-2.77528341e-001	
1.90729047e-001	-2.77469828e-001	
1.91054523e-001	-2.77416209e-001	
1.91379999e-001	-2.77345456e-001	
1.91705475e-001	-2.77269884e-001	
1.92030951e-001	-2.77212119e-001	
1.92356428e-001	-2.77159331e-001	
1.92681904e-001	-2.77089581e-001	
1.93007380e-001	-2.77014826e-001	
1.93332856e-001	-2.76956747e-001	
1.93658332e-001	-2.76903556e-001	
1.93983809e-001	-2.76833699e-001	
1.94309285e-001	-2.76758687e-001	
1.94634761e-001	-2.76701246e-001	
1.94960237e-001	-2.76649219e-001	
1.95285713e-001	-2.76580694e-001	
1.95611190e-001	-2.76506830e-001	
1.95936666e-001	-2.76450596e-001	
1.96262142e-001	-2.76400040e-001	
1.96587618e-001	-2.76333108e-001	
1.96913094e-001	-2.76260632e-001	
1.97238570e-001	-2.76204600e-001	
1.97564047e-001	-2.76154094e-001	
1.97889523e-001	-2.76087525e-001	
1.98214999e-001	-2.76015277e-001	
1.98540475e-001	-2.75960360e-001	
1.98865951e-001	-2.75911542e-001	
1.99191428e-001	-2.75846832e-001	
1.99516904e-001	-2.75776257e-001	
1.99842380e-001	-2.75722792e-001	
2.00167856e-001	-2.75675604e-001	
2.00493332e-001	-2.75612657e-001	
2.00818809e-001	-2.75543647e-001	
2.01144285e-001	-2.75490047e-001	
2.01469761e-001	-2.75442330e-001	
2.01795237e-001	-2.75379199e-001	
2.02120713e-001	-2.75309887e-001	
2.02446189e-001	-2.75257062e-001	
2.02771666e-001	-2.75210817e-001	
2.03097142e-001	-2.75149290e-001	
2.03422618e-001	-2.75081384e-001	
2.03748094e-001	-2.75030402e-001	
2.04073570e-001	-2.74986445e-001	
2.04399047e-001	-2.74927314e-001	
2.04724523e-001	-2.74861592e-001	
2.05049999e-001	-2.74811146e-001	
2.05375475e-001	-2.74767278e-001	
2.05700951e-001	-2.74708532e-001	
2.06026428e-001	-2.74643065e-001	
2.06351904e-001	-2.74585312e-001	
2.06677380e-001	-2.74530917e-001	
2.07002856e-001	-2.74476125e-001	
2.07328332e-001	-2.74421148e-001	
2.07653808e-001	-2.74360203e-001	
2.07979285e-001	-2.74296615e-001	
2.08304761e-001	-2.74247461e-001	
2.08630237e-001	-2.74205430e-001	
2.08955713e-001	-2.74158632e-001	
2.09281189e-001	-2.74109655e-001	
2.09606666e-001	-2.74060159e-001	
2.09932142e-001	-2.74010400e-001	
2.10257618e-001	-2.73969021e-001	
2.10583094e-001	-2.73931728e-001	
2.10908570e-001	-2.73880373e-001	
2.11234047e-001	-2.73821625e-001	
2.11559523e-001	-2.73776727e-001	
2.11884999e-001	-2.73739034e-001	
2.12210475e-001	-2.73687542e-001	
2.12535951e-001	-2.73628527e-001	
2.12861428e-001	-2.73584593e-001	
2.13186904e-001	-2.73548821e-001	
2.13512380e-001	-2.73499387e-001	
2.13837856e-001	-2.73442230e-001	
2.14163332e-001	-2.73400198e-001	
2.14488808e-001	-2.73366633e-001	
2.14814285e-001	-2.73319434e-001	
2.15139761e-001	-2.73264245e-001	
2.15465237e-001	-2.73222803e-001	
2.15790713e-001	-2.73189321e-001	
2.16116189e-001	-2.73142667e-001	
2.16441666e-001	-2.73088011e-001	
2.16767142e-001	-2.73048404e-001	
2.17092618e-001	-2.73017883e-001	
2.17418094e-001	-2.72974370e-001	
2.17743570e-001	-2.72922685e-001	
2.18069047e-001	-2.72885734e-001	
2.18394523e-001	-2.72857970e-001	
2.18719999e-001	-2.72817216e-001	
2.19045475e-001	-2.72767999e-001	
2.19370951e-001	-2.72731730e-001	
2.19696427e-001	-2.72703775e-001	
2.20021904e-001	-2.72663123e-001	
2.20347380e-001	-2.72613905e-001	
2.20672856e-001	-2.72578108e-001	
2.20998332e-001	-2.72551266e-001	
2.21323808e-001	-2.72511983e-001	
2.21649285e-001	-2.72464011e-001	
2.21974761e-001	-2.72429831e-001	
2.22300237e-001	-2.72405203e-001	
2.22625713e-001	-2.72368421e-001	
2.22951189e-001	-2.72322856e-001	
2.23276666e-001	-2.72292149e-001	
2.23602142e-001	-2.72272079e-001	
2.23927618e-001	-2.72239875e-001	
2.24253094e-001	-2.72198596e-001	
2.24578570e-001	-2.72171957e-001	
2.24904047e-001	-2.72156102e-001	
2.25229523e-001	-2.72128254e-001	
2.25554999e-001	-2.72091129e-001	
2.25880475e-001	-2.72066478e-001	
2.26205951e-001	-2.72051269e-001	
2.26531427e-001	-2.72024411e-001	
2.26856904e-001	-2.71988230e-001	
2.27182380e-001	-2.71964125e-001	
2.27507856e-001	-2.71949492e-001	
2.27833332e-001	-2.71923421e-001	
2.28158808e-001	-2.71887885e-001	
2.28484285e-001	-2.71865565e-001	
2.28809761e-001	-2.71854015e-001	
2.29135237e-001	-2.71831105e-001	
2.29460713e-001	-2.71798474e-001	
2.29786189e-001	-2.71777636e-001	
2.30111666e-001	-2.71766699e-001	
2.30437142e-001	-2.71743921e-001	
2.30762618e-001	-2.71710662e-001	
2.31088094e-001	-2.71696769e-001	
2.31413570e-001	-2.71700260e-001	
2.31739046e-001	-2.71669782e-001	
2.32064523e-001	-2.71608217e-001	
2.32389999e-001	-2.71504552e-001	
2.32715475e-001	-2.71370108e-001	
2.33040951e-001	-2.71410613e-001	
2.33366427e-001	-2.71616660e-001	
2.33691904e-001	-2.71456941e-001	
2.34017380e-001	-2.71241272e-001	
2.34342856e-001	-2.70637616e-001	
2.34668332e-001	-2.63442963e-001	
2.34993808e-001	-2.64273293e-001	
2.35319285e-001	-2.70532499e-001	
2.35644761e-001	-2.71246213e-001	
2.35970237e-001	-2.71465053e-001	
2.36295713e-001	-2.71787721e-001	
2.36621189e-001	-2.71932353e-001	
2.36946665e-001	-2.71900813e-001	
2.37272142e-001	-2.71685039e-001	
2.37597618e-001	-2.71585170e-001	
2.37923094e-001	-2.71598836e-001	
2.38248570e-001	-2.71625967e-001	
2.38574046e-001	-2.71667658e-001	
2.38899523e-001	-2.71704692e-001	
2.39224999e-001	-2.71735473e-001	
2.39550475e-001	-2.71757363e-001	
2.39875951e-001	-2.71769315e-001	
2.40201427e-001	-2.71790104e-001	
2.40526904e-001	-2.71820195e-001	
2.40852380e-001	-2.71840937e-001	
2.41177856e-001	-2.71850870e-001	
2.41503332e-001	-2.71872525e-001	
2.41828808e-001	-2.71907217e-001	
2.42154285e-001	-2.71932622e-001	
2.42479761e-001	-2.71946925e-001	
2.42805237e-001	-2.71972444e-001	
2.43130713e-001	-2.72010798e-001	
2.43456189e-001	-2.72040004e-001	
2.43781665e-001	-2.72057899e-001	
2.44107142e-001	-2.72084915e-001	
2.44432618e-001	-2.72122574e-001	
2.44758094e-001	-2.72151402e-001	
2.45083570e-001	-2.72168939e-001	
2.45409046e-001	-2.72197050e-001	
2.45734523e-001	-2.72238084e-001	
2.46059999e-001	-2.72270374e-001	
2.46385475e-001	-2.72291095e-001	
2.46710951e-001	-2.72322271e-001	
2.47036427e-001	-2.72366628e-001	
2.47361904e-001	-2.72402374e-001	
2.47687380e-001	-2.72426332e-001	
2.48012856e-001	-2.72459151e-001	
2.48338332e-001	-2.72503399e-001	
2.48663808e-001	-2.72539374e-001	
2.48989284e-001	-2.72563630e-001	
2.49314761e-001	-2.72597887e-001	
2.49640237e-001	-2.72645618e-001	
2.49965713e-001	-2.72685107e-001	
2.50291189e-001	-2.72712512e-001	
2.50616665e-001	-2.72745714e-001	
2.50942142e-001	-2.72786516e-001	
2.51267618e-001	-2.72827457e-001	
2.51593094e-001	-2.72868609e-001	
2.51918570e-001	-2.72909902e-001	
2.52244046e-001	-2.72951088e-001	
2.52569523e-001	-2.72991954e-001	
2.52894999e-001	-2.73032310e-001	
2.53220475e-001	-2.73077371e-001	
2.53545951e-001	-2.73130471e-001	
2.53871427e-001	-2.73175559e-001	
2.54196903e-001	-2.73207455e-001	
2.54522380e-001	-2.73248217e-001	
2.54847856e-001	-2.73304203e-001	
2.55173332e-001	-2.73352335e-001	
2.55498808e-001	-2.73387069e-001	
2.55824284e-001	-2.73429721e-001	
2.56149761e-001	-2.73486536e-001	
2.56475237e-001	-2.73535585e-001	
2.56800713e-001	-2.73570900e-001	
2.57126189e-001	-2.73613764e-001	
2.57451665e-001	-2.73670684e-001	
2.57777142e-001	-2.73719997e-001	
2.58102618e-001	-2.73755359e-001	
2.58428094e-001	-2.73798891e-001	
2.58753570e-001	-2.73858123e-001	
2.59079046e-001	-2.73909924e-001	
2.59404523e-001	-2.73947587e-001	
2.59729999e-001	-2.73993564e-001	
2.60055475e-001	-2.74056011e-001	
2.60380951e-001	-2.74111321e-001	
2.60706427e-001	-2.74152539e-001	
2.61031903e-001	-2.74201059e-001	
2.61357380e-001	-2.74264605e-001	
2.61682856e-001	-2.74321115e-001	
2.62008332e-001	-2.74363199e-001	
2.62333808e-001	-2.74411972e-001	
2.62659284e-001	-2.74475142e-001	
2.62984761e-001	-2.74531328e-001	
2.63310237e-001	-2.74572641e-001	
2.63635713e-001	-2.74621398e-001	
2.63961189e-001	-2.74686748e-001	
2.64286665e-001	-2.74745393e-001	
2.64612142e-001	-2.74789200e-001	
2.64937618e-001	-2.74836893e-001	
2.65263094e-001	-2.74893787e-001	
2.65588570e-001	-2.74950500e-001	
2.65914046e-001	-2.75006796e-001	
2.66239522e-001	-2.75063072e-001	
2.66564999e-001	-2.75118781e-001	
2.66890475e-001	-2.75174746e-001	
2.67215951e-001	-2.75231321e-001	
2.67541427e-001	-2.75291467e-001	
2.67866903e-001	-2.75358701e-001	
2.68192380e-001	-2.75420098e-001	
2.68517856e-001	-2.75467122e-001	
2.68843332e-001	-2.75520832e-001	
2.69168808e-001	-2.75589799e-001	
2.69494284e-001	-2.75653088e-001	
2.69819761e-001	-2.75701809e-001	
2.70145237e-001	-2.75756695e-001	
2.70470713e-001	-2.75826146e-001	
2.70796189e-001	-2.75890143e-001	
2.71121665e-001	-2.75939555e-001	
2.71447142e-001	-2.75992274e-001	
2.71772618e-001	-2.76052360e-001	
2.72098094e-001	-2.76112678e-001	
2.72423570e-001	-2.76173643e-001	
2.72749046e-001	-2.76235162e-001	
2.73074522e-001	-2.76297629e-001	
2.73399999e-001	-2.76359915e-001	
2.73725475e-001	-2.76421665e-001	
2.74050951e-001	-2.76483645e-001	
2.74376427e-001	-2.76546862e-001	
2.74701903e-001	-2.76609891e-001	
2.75027380e-001	-2.76672336e-001	
2.75352856e-001	-2.76734977e-001	
2.75678332e-001	-2.76797552e-001	
2.76003808e-001	-2.76860346e-001	
2.76329284e-001	-2.76923831e-001	
2.76654761e-001	-2.76987665e-001	
2.76980237e-001	-2.77050640e-001	
2.77305713e-001	-2.77113812e-001	
2.77631189e-001	-2.77177646e-001	
2.77956665e-001	-2.77241832e-001	
2.78282141e-001	-2.77306526e-001	
2.78607618e-001	-2.77371011e-001	
2.78933094e-001	-2.77434755e-001	
2.79258570e-001	-2.77501283e-001	
2.79584046e-001	-2.77578545e-001	
2.79909522e-001	-2.77651171e-001	
2.80234999e-001	-2.77706480e-001	
2.80560475e-001	-2.77766375e-001	
2.80885951e-001	-2.77844338e-001	
2.81211427e-001	-2.77917858e-001	
2.81536903e-001	-2.77973917e-001	
2.81862380e-001	-2.78034065e-001	
2.82187856e-001	-2.78111252e-001	
2.82513332e-001	-2.78184147e-001	
2.82838808e-001	-2.78239274e-001	
2.83164284e-001	-2.78298577e-001	
2.83489760e-001	-2.78376257e-001	
2.83815237e-001	-2.78449816e-001	
2.84140713e-001	-2.78505362e-001	
2.84466189e-001	-2.78563143e-001	
2.84791665e-001	-2.78631669e-001	
2.85117141e-001	-2.78700043e-001	
2.85442618e-001	-2.78767709e-001	
2.85768094e-001	-2.78835614e-001	
2.86093570e-001	-2.78903655e-001	
2.86419046e-001	-2.78971839e-001	
2.86744522e-001	-2.79040717e-001	
2.87069999e-001	-2.79109755e-001	
2.87395475e-001	-2.79176707e-001	
2.87720951e-001	-2.79243816e-001	
2.88046427e-001	-2.79311730e-001	
2.88371903e-001	-2.79379844e-001	
2.88697380e-001	-2.79447977e-001	
2.89022856e-001	-2.79515960e-001	
2.89348332e-001	-2.79583115e-001	
2.89673808e-001	-2.79650147e-001	
2.89999284e-001	-2.79717443e-001	
2.90324760e-001	-2.79784620e-001	
2.90650237e-001	-2.79851094e-001	
2.90975713e-001	-2.79917661e-001	
2.91301189e-001	-2.79983580e-001	
2.91626665e-001	-2.80049609e-001	
2.91952141e-001	-2.80116315e-001	
2.92277618e-001	-2.80184848e-001	
2.92603094e-001	-2.80261694e-001	
2.92928570e-001	-2.80335882e-001	
2.93254046e-001	-2.80392365e-001	
2.93579522e-001	-2.80450440e-001	
2.93904999e-001	-2.80515961e-001	
2.94230475e-001	-2.80581615e-001	
2.94555951e-001	-2.80648226e-001	
2.94881427e-001	-2.80714637e-001	
2.95206903e-001	-2.80778207e-001	
2.95532379e-001	-2.80841693e-001	
2.95857856e-001	-2.80904509e-001	
2.96183332e-001	-2.80968221e-001	
2.96508808e-001	-2.81040677e-001	
2.96834284e-001	-2.81110882e-001	
2.97159760e-001	-2.81161447e-001	
2.97485237e-001	-2.81213935e-001	
2.97810713e-001	-2.81285448e-001	
2.98136189e-001	-2.81354846e-001	
2.98461665e-001	-2.81403980e-001	
2.98787141e-001	-2.81454676e-001	
2.99112618e-001	-2.81523077e-001	
2.99438094e-001	-2.81589556e-001	
2.99763570e-001	-2.81635657e-001	
3.00089046e-001	-2.81683306e-001	
3.00414522e-001	-2.81750463e-001	
3.00739999e-001	-2.81815890e-001	
3.01065475e-001	-2.81860844e-001	
3.01390951e-001	-2.81906582e-001	
3.01716427e-001	-2.81964580e-001	
3.02041903e-001	-2.82021048e-001	
3.02367379e-001	-2.82057054e-001	
3.02692856e-001	-2.82093906e-001	
3.03018332e-001	-2.82145428e-001	
3.03343808e-001	-2.82195640e-001	
3.03669284e-001	-2.82225747e-001	
3.03994760e-001	-2.82256697e-001	
3.04320237e-001	-2.82305206e-001	
3.04645713e-001	-2.82352543e-001	
3.04971189e-001	-2.82378860e-001	
3.05296665e-001	-2.82405517e-001	
3.05622141e-001	-2.82444823e-001	
3.05947618e-001	-2.82483144e-001	
3.06273094e-001	-2.82500333e-001	
3.06598570e-001	-2.82517912e-001	
3.06924046e-001	-2.82552584e-001	
3.07249522e-001	-2.82586484e-001	
3.07574998e-001	-2.82599821e-001	
3.07900475e-001	-2.82612919e-001	
3.08225951e-001	-2.82630500e-001	
3.08551427e-001	-2.82647548e-001	
3.08876903e-001	-2.82646017e-001	
3.09202379e-001	-2.82642671e-001	
3.09527856e-001	-2.82595847e-001	
3.09853332e-001	-2.82550182e-001	
3.10178808e-001	-2.82562719e-001	
3.10504284e-001	-2.82563679e-001	
3.10829760e-001	-2.82372323e-001	
3.11155237e-001	-2.82191483e-001	
3.11480713e-001	-2.82940347e-001	
3.11806189e-001	-2.83595875e-001	
3.12131665e-001	-2.88627033e-001	
3.12457141e-001	-2.86109238e-001	
3.12782617e-001	-2.12700063e-001	
3.13108094e-001	-7.50654974e-002	
3.13433570e-001	-1.72087650e-003	
3.13759046e-001	1.02856252e-002	
3.14084522e-001	1.48851676e-002	
3.14409998e-001	8.84559590e-003	
3.14735475e-001	9.16860545e-003	
3.15060951e-001	8.95453735e-003	
3.15386427e-001	8.73410847e-003	
3.15711903e-001	8.78504223e-003	
3.16037379e-001	8.77904067e-003	
3.16362856e-001	8.77084226e-003	
3.16688332e-001	8.75675387e-003	
3.17013808e-001	8.74253208e-003	
3.17339284e-001	8.72469356e-003	
3.17664760e-001	8.70650320e-003	
3.17990237e-001	8.68734091e-003	
3.18315713e-001	8.66814807e-003	
3.18641189e-001	8.62897143e-003	
3.18966665e-001	8.58904419e-003	
3.19292141e-001	8.54872006e-003	
3.19617617e-001	8.50837990e-003	
3.19943094e-001	8.45651946e-003	
3.20268570e-001	8.40420469e-003	
3.20594046e-001	8.35152841e-003	
3.20919522e-001	8.29883424e-003	
3.21244998e-001	8.24082115e-003	
3.21570475e-001	8.18260526e-003	
3.21895951e-001	8.12477644e-003	
3.22221427e-001	8.06697036e-003	
3.22546903e-001	8.00301806e-003	
3.22872379e-001	7.93877361e-003	
3.23197856e-001	7.87479876e-003	
3.23523332e-001	7.81084229e-003	
3.23848808e-001	7.74525719e-003	
3.24174284e-001	7.67968276e-003	
3.24499760e-001	7.61402056e-003	
3.24825236e-001	7.54835155e-003	
3.25150713e-001	7.47948791e-003	
3.25476189e-001	7.41049465e-003	
3.25801665e-001	7.34193966e-003	
3.26127141e-001	7.27342303e-003	
3.26452617e-001	7.19837431e-003	
3.26778094e-001	7.12283866e-003	
3.27103570e-001	7.04803276e-003	
3.27429046e-001	6.97329798e-003	
3.27754522e-001	6.89419801e-003	
3.28079998e-001	6.81478573e-003	
3.28405475e-001	6.73581000e-003	
3.28730951e-001	6.65688125e-003	
3.29056427e-001	6.57719183e-003	
3.29381903e-001	6.49759513e-003	
3.29707379e-001	6.41833625e-003	
3.30032856e-001	6.33911721e-003	
3.30358332e-001	6.25603981e-003	
3.30683808e-001	6.17269214e-003	
3.31009284e-001	6.08983171e-003	
3.31334760e-001	6.00703386e-003	
3.31660236e-001	5.91917909e-003	
3.31985713e-001	5.83085065e-003	
3.32311189e-001	5.74323450e-003	
3.32636665e-001	5.65571747e-003	
3.32962141e-001	5.56738534e-003	
3.33287617e-001	5.47912136e-003	
3.33613094e-001	5.39156718e-003	
3.33938570e-001	5.30411951e-003	
3.34264046e-001	5.21524679e-003	
3.34589522e-001	5.12634412e-003	
3.34914998e-001	5.03811261e-003	
3.35240475e-001	4.94998929e-003	
3.35565951e-001	4.85917785e-003	
3.35891427e-001	4.76812146e-003	
3.36216903e-001	4.67774967e-003	
3.36542379e-001	4.58749600e-003	
3.36867855e-001	4.49495283e-003	
3.37193332e-001	4.40220741e-003	
3.37518808e-001	4.31026096e-003	
3.37844284e-001	4.21846161e-003	
3.38169760e-001	4.12536362e-003	
3.38495236e-001	4.03222451e-003	
3.38820713e-001	3.93991242e-003	
3.39146189e-001	3.84776235e-003	
3.39471665e-001	3.75343184e-003	
3.39797141e-001	3.65888060e-003	
3.40122617e-001	3.56508903e-003	
3.40448094e-001	3.47145541e-003	
3.40773570e-001	3.37601700e-003	
3.41099046e-001	3.28042304e-003	
3.41424522e-001	3.18564315e-003	
3.41749998e-001	3.09104254e-003	
3.42075474e-001	2.99570724e-003	
3.42400951e-001	2.90043450e-003	
3.42726427e-001	2.80605799e-003	
3.43051903e-001	2.71189011e-003	
3.43377379e-001	2.61638099e-003	
3.43702855e-001	2.52078419e-003	
3.44028332e-001	2.42602104e-003	
3.44353808e-001	2.33146260e-003	
3.44679284e-001	2.23511392e-003	
3.45004760e-001	2.13855313e-003	
3.45330236e-001	2.04285557e-003	
3.45655713e-001	1.94738127e-003	
3.45981189e-001	1.85030840e-003	
3.46306665e-001	1.75304617e-003	
3.46632141e-001	1.65674307e-003	
3.46957617e-001	1.56070082e-003	
3.47283094e-001	1.46303875e-003	
3.47608570e-001	1.36515796e-003	
3.47934046e-001	1.26824428e-003	
3.48259522e-001	1.17160679e-003	
3.48584998e-001	1.07357755e-003	
3.48910474e-001	9.75383683e-004	
3.49235951e-001	8.78100660e-004	
3.49561427e-001	7.81090446e-004	
3.49886903e-001	6.83339255e-004	
3.50212379e-001	5.85611338e-004	
3.50537855e-001	4.88815174e-004	
3.50863332e-001	3.92311338e-004	
3.51188808e-001	2.95779213e-004	
3.51514284e-001	1.99484065e-004	
3.51839760e-001	1.02163343e-004	
3.52165236e-001	4.51068399e-006	
3.52490713e-001	-9.35501715e-005	
3.52816189e-001	-1.91500405e-004	
3.53141665e-001	-2.88501063e-004	
3.53467141e-001	-3.85175875e-004	
3.53792617e-001	-4.82235849e-004	
3.54118093e-001	-5.79174114e-004	
3.54443570e-001	-6.77057790e-004	
3.54769046e-001	-7.75275688e-004	
3.55094522e-001	-8.73604675e-004	
3.55419998e-001	-9.71720616e-004	
3.55745474e-001	-1.06890672e-003	
3.56070951e-001	-1.16574515e-003	
3.56396427e-001	-1.26228627e-003	
3.56721903e-001	-1.35846588e-003	
3.57047379e-001	-1.45568836e-003	
3.57372855e-001	-1.55331210e-003	
3.57698332e-001	-1.65073686e-003	
3.58023808e-001	-1.74782892e-003	
3.58349284e-001	-1.84402223e-003	
3.58674760e-001	-1.93985057e-003	
3.59000236e-001	-2.03657904e-003	
3.59325712e-001	-2.13342208e-003	
3.59651189e-001	-2.22925851e-003	
3.59976665e-001	-2.32466936e-003	
3.60302141e-001	-2.42120119e-003	
3.60627617e-001	-2.51796262e-003	
3.60953093e-001	-2.61365479e-003	
3.61278570e-001	-2.70887665e-003	
3.61604046e-001	-2.80514008e-003	
3.61929522e-001	-2.90161660e-003	
3.62254998e-001	-2.99708840e-003	
3.62580474e-001	-3.09210070e-003	
3.62905951e-001	-3.18782227e-003	
3.63231427e-001	-3.28361773e-003	
3.63556903e-001	-3.37840451e-003	
3.63882379e-001	-3.47271192e-003	
3.64207855e-001	-3.56765563e-003	
3.64533332e-001	-3.66265740e-003	
3.64858808e-001	-3.75656354e-003	
3.65184284e-001	-3.84992887e-003	
3.65509760e-001	-3.94371127e-003	
3.65835236e-001	-4.03745256e-003	
3.66160712e-001	-4.13018064e-003	
3.66486189e-001	-4.22238953e-003	
3.66811665e-001	-4.31467228e-003	
3.67137141e-001	-4.40673198e-003	
3.67462617e-001	-4.49782403e-003	
3.67788093e-001	-4.58840156e-003	
3.68113570e-001	-4.67959526e-003	
3.68439046e-001	-4.77086097e-003	
3.68764522e-001	-4.86113114e-003	
3.69089998e-001	-4.95085222e-003	
3.69415474e-001	-5.04125428e-003	
3.69740951e-001	-5.13179275e-003	
3.70066427e-001	-5.22132818e-003	
3.70391903e-001	-5.31029001e-003	
3.70717379e-001	-5.39941795e-003	
3.71042855e-001	-5.48842115e-003	
3.71368331e-001	-5.57630163e-003	
3.71693808e-001	-5.66351663e-003	
3.72019284e-001	-5.75018997e-003	
3.72344760e-001	-5.83631594e-003	
3.72670236e-001	-5.92142836e-003	
3.72995712e-001	-6.00591831e-003	
3.73321189e-001	-6.09001873e-003	
3.73646665e-001	-6.17361898e-003	
3.73972141e-001	-6.25638175e-003	
3.74297617e-001	-6.33861173e-003	
3.74623093e-001	-6.42107961e-003	
3.74948570e-001	-6.50342869e-003	
3.75274046e-001	-6.58489734e-003	
3.75599522e-001	-6.66578599e-003	
3.75924998e-001	-6.74633041e-003	
3.76250474e-001	-6.82641076e-003	
3.76575951e-001	-6.90560348e-003	
3.76901427e-001	-6.98419081e-003	
3.77226903e-001	-7.06145868e-003	
3.77552379e-001	-7.13765147e-003	
3.77877855e-001	-7.21272022e-003	
3.78203331e-001	-7.28699548e-003	
3.78528808e-001	-7.35841297e-003	
3.78854284e-001	-7.42765423e-003	
3.79179760e-001	-7.49594588e-003	
3.79505236e-001	-7.56354381e-003	
3.79830712e-001	-7.62960602e-003	
3.80156189e-001	-7.69434583e-003	
3.80481665e-001	-7.75848567e-003	
3.80807141e-001	-7.82217201e-003	
3.81132617e-001	-7.88554710e-003	
3.81458093e-001	-7.94847486e-003	
3.81783570e-001	-8.01067906e-003	
3.82109046e-001	-8.07231747e-003	
3.82434522e-001	-8.13252205e-003	
3.82759998e-001	-8.19145120e-003	
3.83085474e-001	-8.24981522e-003	
3.83410950e-001	-8.30772217e-003	
3.83736427e-001	-8.36358557e-003	
3.84061903e-001	-8.41766788e-003	
3.84387379e-001	-8.47192412e-003	
3.84712855e-001	-8.52632429e-003	
3.85038331e-001	-8.57264334e-003	
3.85363808e-001	-8.61207207e-003	
3.85689284e-001	-8.65133011e-003	
3.86014760e-001	-8.69044203e-003	
3.86340236e-001	-8.71846691e-003	
3.86665712e-001	-8.73692644e-003	
3.86991189e-001	-8.75491132e-003	
3.87316665e-001	-8.77247608e-003	
3.87642141e-001	-8.78493096e-003	
3.87967617e-001	-8.79321589e-003	
3.88293093e-001	-8.79432482e-003	
3.88618569e-001	-8.78886652e-003	
3.88944046e-001	-8.86417001e-003	
3.89269522e-001	-9.01835233e-003	
3.89594998e-001	-9.00455805e-003	
3.89920474e-001	-8.83181941e-003	
3.90245950e-001	-9.25587223e-003	
3.90571427e-001	-1.29333033e-002	
3.90896903e-001	-2.67070285e-003	
3.91222379e-001	2.86182772e-002	
3.91547855e-001	1.75410394e-001	
3.91873331e-001	2.59538074e-001	
3.92198808e-001	2.92029759e-001	
3.92524284e-001	2.90276311e-001	
3.92849760e-001	2.82028643e-001	
3.93175236e-001	2.81418389e-001	
3.93500712e-001	2.81465932e-001	
3.93826189e-001	2.82201378e-001	
3.94151665e-001	2.82585515e-001	
3.94477141e-001	2.82575185e-001	
3.94802617e-001	2.82597661e-001	
3.95128093e-001	2.82655606e-001	
3.95453569e-001	2.82688300e-001	
3.95779046e-001	2.82691567e-001	
3.96104522e-001	2.82686363e-001	
3.96429998e-001	2.82671687e-001	
3.96755474e-001	2.82656955e-001	
3.97080950e-001	2.82641443e-001	
3.97406427e-001	2.82615803e-001	
3.97731903e-001	2.82578455e-001	
3.98057379e-001	2.82549773e-001	
3.98382855e-001	2.82530741e-001	
3.98708331e-001	2.82501916e-001	
3.99033808e-001	2.82461384e-001	
3.99359284e-001	2.82426513e-001	
3.99684760e-001	2.82398041e-001	
4.00010236e-001	2.82359873e-001	
4.00335712e-001	2.82309718e-001	
4.00661188e-001	2.82267231e-001	
4.00986665e-001	2.82233854e-001	
4.01312141e-001	2.82190577e-001	
4.01637617e-001	2.82134640e-001	
4.01963093e-001	2.82087616e-001	
4.02288569e-001	2.82051643e-001	
4.02614046e-001	2.82006135e-001	
4.02939522e-001	2.81948013e-001	
4.03264998e-001	2.81897056e-001	
4.03590474e-001	2.81855295e-001	
4.03915950e-001	2.81804336e-001	
4.04241427e-001	2.81740787e-001	
4.04566903e-001	2.81684204e-001	
4.04892379e-001	2.81636939e-001	
4.05217855e-001	2.81580531e-001	
4.05543331e-001	2.81511173e-001	
4.05868808e-001	2.81450026e-001	
4.06194284e-001	2.81400314e-001	
4.06519760e-001	2.81341492e-001	
4.06845236e-001	2.81269313e-001	
4.07170712e-001	2.81205959e-001	
4.07496188e-001	2.81155394e-001	
4.07821665e-001	2.81096077e-001	
4.08147141e-001	2.81023477e-001	
4.08472617e-001	2.80958759e-001	
4.08798093e-001	2.80905871e-001	
4.09123569e-001	2.80844397e-001	
4.09449046e-001	2.80769427e-001	
4.09774522e-001	2.80702256e-001	
4.10099998e-001	2.80647201e-001	
4.10425474e-001	2.80583634e-001	
4.10750950e-001	2.80506207e-001	
4.11076427e-001	2.80437164e-001	
4.11401903e-001	2.80381651e-001	
4.11727379e-001	2.80317879e-001	
4.12052855e-001	2.80240175e-001	
4.12378331e-001	2.80170759e-001	
4.12703807e-001	2.80115244e-001	
4.13029284e-001	2.80051684e-001	
4.13354760e-001	2.79974056e-001	
4.13680236e-001	2.79904205e-001	
4.14005712e-001	2.79847875e-001	
4.14331188e-001	2.79783673e-001	
4.14656665e-001	2.79705197e-001	
4.14982141e-001	2.79634181e-001	
4.15307617e-001	2.79576604e-001	
4.15633093e-001	2.79511335e-001	
4.15958569e-001	2.79431599e-001	
4.16284046e-001	2.79359669e-001	
4.16609522e-001	2.79302355e-001	
4.16934998e-001	2.79237540e-001	
4.17260474e-001	2.79158088e-001	
4.17585950e-001	2.79086482e-001	
4.17911426e-001	2.79030126e-001	
4.18236903e-001	2.78966460e-001	
4.18562379e-001	2.78887983e-001	
4.18887855e-001	2.78816862e-001	
4.19213331e-001	2.78760563e-001	
4.19538807e-001	2.78697152e-001	
4.19864284e-001	2.78618774e-001	
4.20189760e-001	2.78547424e-001	
4.20515236e-001	2.78490780e-001	
4.20840712e-001	2.78427217e-001	
4.21166188e-001	2.78348529e-001	
4.21491665e-001	2.78277075e-001	
4.21817141e-001	2.78221380e-001	
4.22142617e-001	2.78158951e-001	
4.22468093e-001	2.78081214e-001	
4.22793569e-001	2.78010546e-001	
4.23119046e-001	2.77955879e-001	
4.23444522e-001	2.77894653e-001	
4.23769998e-001	2.77817918e-001	
4.24095474e-001	2.77747730e-001	
4.24420950e-001	2.77692956e-001	
4.24746426e-001	2.77631844e-001	
4.25071903e-001	2.77555127e-001	
4.25397379e-001	2.77484736e-001	
4.25722855e-001	2.77429877e-001	
4.26048331e-001	2.77368889e-001	
4.26373807e-001	2.77292179e-001	
4.26699284e-001	2.77221977e-001	
4.27024760e-001	2.77168435e-001	
4.27350236e-001	2.77108919e-001	
4.27675712e-001	2.77033426e-001	
4.28001188e-001	2.76964309e-001	
4.28326665e-001	2.76912169e-001	
4.28652141e-001	2.76854239e-001	
4.28977617e-001	2.76780152e-001	
4.29303093e-001	2.76712152e-001	
4.29628569e-001	2.76661038e-001	
4.29954045e-001	2.76604342e-001	
4.30279522e-001	2.76531379e-001	
4.30604998e-001	2.76464240e-001	
4.30930474e-001	2.76413964e-001	
4.31255950e-001	2.76358287e-001	
4.31581426e-001	2.76286160e-001	
4.31906903e-001	2.76219411e-001	
4.32232379e-001	2.76168932e-001	
4.32557855e-001	2.76113264e-001	
4.32883331e-001	2.76041060e-001	
4.33208807e-001	2.75974391e-001	
4.33534284e-001	2.75925281e-001	
4.33859760e-001	2.75871152e-001	
4.34185236e-001	2.75800265e-001	
4.34510712e-001	2.75734832e-001	
4.34836188e-001	2.75687495e-001	
4.35161665e-001	2.75635305e-001	
4.35487141e-001	2.75566122e-001	
4.35812617e-001	2.75501774e-001	
4.36138093e-001	2.75454216e-001	
4.36463569e-001	2.75402040e-001	
4.36789045e-001	2.75332882e-001	
4.37114522e-001	2.75268584e-001	
4.37439998e-001	2.75222067e-001	
4.37765474e-001	2.75171105e-001	
4.38090950e-001	2.75102958e-001	
4.38416426e-001	2.75039631e-001	
4.38741903e-001	2.74994817e-001	
4.39067379e-001	2.74945732e-001	
4.39392855e-001	2.74879254e-001	
4.39718331e-001	2.74817372e-001	
4.40043807e-001	2.74774015e-001	
4.40369284e-001	2.74726568e-001	
4.40694760e-001	2.74661550e-001	
4.41020236e-001	2.74599128e-001	
4.41345712e-001	2.74547348e-001	
4.41671188e-001	2.74495419e-001	
4.41996664e-001	2.74442810e-001	
4.42322141e-001	2.74388250e-001	
4.42647617e-001	2.74325348e-001	
4.42973093e-001	2.74266066e-001	
4.43298569e-001	2.74224519e-001	
4.43624045e-001	2.74181332e-001	
4.43949522e-001	2.74130873e-001	
4.44274998e-001	2.74080309e-001	
4.44600474e-001	2.74029210e-001	
4.44925950e-001	2.73980389e-001	
4.45251426e-001	2.73942598e-001	
4.45576903e-001	2.73901428e-001	
4.45902379e-001	2.73841896e-001	
4.46227855e-001	2.73785569e-001	
4.46553331e-001	2.73746309e-001	
4.46878807e-001	2.73703925e-001	
4.47204283e-001	2.73643434e-001	
4.47529760e-001	2.73586512e-001	
4.47855236e-001	2.73550135e-001	
4.48180712e-001	2.73510808e-001	
4.48506188e-001	2.73453172e-001	
4.48831664e-001	2.73399153e-001	
4.49157141e-001	2.73367290e-001	
4.49482617e-001	2.73332608e-001	
4.49808093e-001	2.73279142e-001	
4.50133569e-001	2.73228599e-001	
4.50459045e-001	2.73196945e-001	
4.50784522e-001	2.73162677e-001	
4.51109998e-001	2.73109621e-001	
4.51435474e-001	2.73059239e-001	
4.51760950e-001	2.73027535e-001	
4.52086426e-001	2.72993419e-001	
4.52411903e-001	2.72940524e-001	
4.52737379e-001	2.72890355e-001	
4.53062855e-001	2.72861030e-001	
4.53388331e-001	2.72829468e-001	
4.53713807e-001	2.72778941e-001	
4.54039283e-001	2.72730956e-001	
4.54364760e-001	2.72704028e-001	
4.54690236e-001	2.72675040e-001	
4.55015712e-001	2.72626899e-001	
4.55341188e-001	2.72581094e-001	
4.55666664e-001	2.72556296e-001	
4.55992141e-001	2.72529614e-001	
4.56317617e-001	2.72483598e-001	
4.56643093e-001	2.72439794e-001	
4.56968569e-001	2.72417798e-001	
4.57294045e-001	2.72394088e-001	
4.57619522e-001	2.72350784e-001	
4.57944998e-001	2.72309329e-001	
4.58270474e-001	2.72287968e-001	
4.58595950e-001	2.72265091e-001	
4.58921426e-001	2.72222717e-001	
4.59246902e-001	2.72182069e-001	
4.59572379e-001	2.72162685e-001	
4.59897855e-001	2.72141966e-001	
4.60223331e-001	2.72101675e-001	
4.60548807e-001	2.72063045e-001	
4.60874283e-001	2.72047690e-001	
4.61199760e-001	2.72031165e-001	
4.61525236e-001	2.71994710e-001	
4.61850712e-001	2.71959655e-001	
4.62176188e-001	2.71946611e-001	
4.62501664e-001	2.71932572e-001	
4.62827141e-001	2.71898420e-001	
4.63152617e-001	2.71865423e-001	
4.63478093e-001	2.71853403e-001	
4.63803569e-001	2.71840575e-001	
4.64129045e-001	2.71807725e-001	
4.64454522e-001	2.71775909e-001	
4.64779998e-001	2.71766939e-001	
4.65105474e-001	2.71757277e-001	
4.65430950e-001	2.71725603e-001	
4.65756426e-001	2.71694952e-001	
4.66081902e-001	2.71700875e-001	
4.66407379e-001	2.71705311e-001	
4.66732855e-001	2.71644129e-001	
4.67058331e-001	2.71574952e-001	
4.67383807e-001	2.71314849e-001	
4.67709283e-001	2.71060657e-001	
4.68034760e-001	2.71228522e-001	
4.68360236e-001	2.71390273e-001	
4.68685712e-001	2.71318363e-001	
4.69011188e-001	2.71425730e-001	
4.69336664e-001	2.67611337e-001	
4.69662141e-001	2.63093593e-001	
