0.00000000e+000	5.76137243e-001	
3.25476189e-001	6.57831891e-001	
6.50952378e-001	8.41421593e-001	
9.76428567e-001	9.62547612e-001	
1.30190476e+000	1.00896278e+000	
1.62738094e+000	1.02676340e+000	
1.95285713e+000	1.03377971e+000	
2.27833332e+000	1.03693396e+000	
2.60380951e+000	1.03809034e+000	
2.92928570e+000	1.03885390e+000	
3.25476189e+000	1.03914278e+000	
3.58023808e+000	1.04048766e+000	
3.90571427e+000	1.03899028e+000	
4.23119046e+000	1.03872995e+000	
4.55666664e+000	1.03773380e+000	
4.88214283e+000	1.03523998e+000	
5.20761902e+000	1.02984248e+000	
5.53309521e+000	1.01467440e+000	
5.85857140e+000	9.65305589e-001	
6.18404759e+000	8.54275920e-001	
6.50952378e+000	7.38569444e-001	
6.83499997e+000	7.14617888e-001	
7.16047615e+000	7.63831264e-001	
7.48595234e+000	7.59648480e-001	
7.81142853e+000	7.41886221e-001	
8.13690472e+000	7.72140072e-001	
8.46238091e+000	8.59796510e-001	
8.78785710e+000	9.49709425e-001	
9.11333329e+000	9.94759825e-001	
9.43880948e+000	1.00836055e+000	
9.76428567e+000	1.01286582e+000	
1.00897619e+001	1.01584011e+000	
1.04152380e+001	1.01673335e+000	
1.07407142e+001	1.01745960e+000	
1.10661904e+001	1.01660837e+000	
1.13916666e+001	1.01575412e+000	
1.17171428e+001	1.01281896e+000	
1.20426190e+001	1.00668097e+000	
1.23680952e+001	9.87522777e-001	
1.26935714e+001	9.09602306e-001	
1.30190476e+001	7.83972124e-001	
1.33445237e+001	6.89400978e-001	
1.36699999e+001	7.34004723e-001	
1.39954761e+001	8.67389800e-001	
1.43209523e+001	9.60979644e-001	
1.46464285e+001	9.62233670e-001	
1.49719047e+001	8.72199246e-001	
1.52973809e+001	7.56827445e-001	
1.56228571e+001	7.04000689e-001	
1.59483333e+001	7.24475290e-001	
1.62738094e+001	8.09855589e-001	
1.65992856e+001	8.88608260e-001	
1.69247618e+001	9.20183421e-001	
1.72502380e+001	9.29093319e-001	
1.75757142e+001	9.31737877e-001	
1.79011904e+001	9.32866703e-001	
1.82266666e+001	9.32245109e-001	
1.85521428e+001	9.30895533e-001	
1.88776190e+001	9.24780166e-001	
1.92030951e+001	8.99195117e-001	
1.95285713e+001	8.17349055e-001	
1.98540475e+001	7.00905603e-001	
2.01795237e+001	6.51603205e-001	
2.05049999e+001	7.41517985e-001	
2.08304761e+001	8.57899942e-001	
2.11559523e+001	9.21603093e-001	
2.14814285e+001	9.39477411e-001	
2.18069047e+001	9.40782350e-001	
2.21323808e+001	9.32824449e-001	
2.24578570e+001	9.01861665e-001	
2.27833332e+001	8.20867898e-001	
2.31088094e+001	7.07694229e-001	
2.34342856e+001	6.51453566e-001	
2.37597618e+001	6.61245109e-001	
2.40852380e+001	7.20002692e-001	
2.44107142e+001	7.62437562e-001	
2.47361904e+001	7.71976743e-001	
2.50616665e+001	7.74899332e-001	
2.53871427e+001	7.74964273e-001	
2.57126189e+001	7.71311438e-001	
2.60380951e+001	7.58886964e-001	
2.63635713e+001	6.88104979e-001	
2.66890475e+001	5.92626420e-001	
2.70145237e+001	5.99970226e-001	
2.73399999e+001	6.99529858e-001	
2.76654761e+001	7.59453426e-001	
2.79909522e+001	7.78140323e-001	
2.83164284e+001	7.80606085e-001	
2.86419046e+001	7.81371215e-001	
2.89673808e+001	7.81557248e-001	
2.92928570e+001	7.81283146e-001	
2.96183332e+001	7.80563427e-001	
2.99438094e+001	7.77316427e-001	
3.02692856e+001	7.65746141e-001	
3.05947618e+001	7.19033801e-001	
3.09202379e+001	6.20777816e-001	
3.12457141e+001	5.51772977e-001	
3.15711903e+001	5.47896010e-001	
3.18966665e+001	5.56543345e-001	
3.22221427e+001	5.60950567e-001	
3.25476189e+001	5.61296925e-001	
3.28730951e+001	5.54949607e-001	
3.31985713e+001	5.14799841e-001	
3.35240475e+001	4.65352969e-001	
3.38495236e+001	5.06834225e-001	
3.41749998e+001	5.58546626e-001	
3.45004760e+001	5.68710888e-001	
3.48259522e+001	5.69503599e-001	
3.51514284e+001	5.69606801e-001	
3.54769046e+001	5.69656328e-001	
3.58023808e+001	5.69719507e-001	
3.61278570e+001	5.69868740e-001	
3.64533332e+001	5.69476806e-001	
3.67788093e+001	5.69837368e-001	
3.71042855e+001	5.69638656e-001	
3.74297617e+001	5.69631476e-001	
3.77552379e+001	5.69122154e-001	
3.80807141e+001	5.66756098e-001	
3.84061903e+001	5.47367661e-001	
3.87316665e+001	4.65877694e-001	
3.90571427e+001	3.57799151e-001	
3.93826189e+001	3.13965089e-001	
3.97080950e+001	3.13052023e-001	
4.00335712e+001	3.09749370e-001	
4.03590474e+001	3.15341769e-001	
4.06845236e+001	3.44800904e-001	
4.10099998e+001	3.50386405e-001	
4.13354760e+001	3.50927790e-001	
4.16609522e+001	3.51092822e-001	
4.19864284e+001	3.51054062e-001	
4.23119046e+001	3.50991544e-001	
4.26373807e+001	3.51064222e-001	
4.29628569e+001	3.51009829e-001	
4.32883331e+001	3.51067074e-001	
4.36138093e+001	3.51017370e-001	
4.39392855e+001	3.51047569e-001	
4.42647617e+001	3.51182267e-001	
4.45902379e+001	3.50938235e-001	
4.49157141e+001	3.50902524e-001	
4.52411903e+001	3.50875225e-001	
4.55666664e+001	3.50735305e-001	
4.58921426e+001	3.50604905e-001	
4.62176188e+001	3.46600503e-001	
4.65430950e+001	3.02255624e-001	
4.68685712e+001	1.89158698e-001	
4.71940474e+001	1.45188255e-001	
4.75195236e+001	1.54091197e-001	
4.78449998e+001	1.53813436e-001	
4.81704760e+001	1.53689366e-001	
4.84959521e+001	1.53904986e-001	
4.88214283e+001	1.53795867e-001	
4.91469045e+001	1.53902362e-001	
4.94723807e+001	1.53814172e-001	
4.97978569e+001	1.53981446e-001	
5.01233331e+001	1.53897927e-001	
5.04488093e+001	1.53831384e-001	
5.07742855e+001	1.53815501e-001	
5.10997617e+001	1.53866625e-001	
5.14252378e+001	1.53826252e-001	
5.17507140e+001	1.53869806e-001	
5.20761902e+001	1.53744689e-001	
5.24016664e+001	1.53748995e-001	
5.27271426e+001	1.53674872e-001	
5.30526188e+001	1.53630025e-001	
5.33780950e+001	1.54885871e-001	
5.37035712e+001	1.82400969e-001	
5.40290474e+001	2.51603419e-001	
5.43545235e+001	2.37841877e-001	
5.46799997e+001	1.33643956e-001	
5.50054759e+001	7.40160494e-003	
5.53309521e+001	-2.41042654e-002	
5.56564283e+001	-2.53993727e-002	
5.59819045e+001	-2.53116698e-002	
5.63073807e+001	-2.53325590e-002	
5.66328569e+001	-2.53383294e-002	
5.69583331e+001	-2.53466280e-002	
5.72838092e+001	-2.53546661e-002	
5.76092854e+001	-2.53727056e-002	
5.79347616e+001	-2.53704381e-002	
5.82602378e+001	-2.53732057e-002	
5.85857140e+001	-2.54172556e-002	
5.89111902e+001	-2.53919814e-002	
5.92366664e+001	-2.53836628e-002	
5.95621426e+001	-2.53824773e-002	
5.98876187e+001	-2.49406757e-002	
6.02130949e+001	-1.13753826e-002	
6.05385711e+001	6.20740338e-002	
6.08640473e+001	8.96307454e-002	
6.11895235e+001	9.03368341e-002	
6.15149997e+001	9.05005875e-002	
6.18404759e+001	9.04520280e-002	
6.21659521e+001	8.34927483e-002	
6.24914283e+001	1.57377361e-002	
6.28169044e+001	-1.22706748e-001	
6.31423806e+001	-1.93038391e-001	
6.34678568e+001	-2.01402523e-001	
6.37933330e+001	-2.02111207e-001	
6.41188092e+001	-2.02228431e-001	
6.44442854e+001	-2.02248000e-001	
6.47697616e+001	-2.02360936e-001	
6.50952378e+001	-2.02235865e-001	
6.54207140e+001	-2.02436720e-001	
6.57461901e+001	-2.02219281e-001	
6.60716663e+001	-2.02208904e-001	
6.63971425e+001	-2.01913401e-001	
6.67226187e+001	-1.95734937e-001	
6.70480949e+001	-1.44276343e-001	
6.73735711e+001	-1.07972046e-001	
6.76990473e+001	-1.06485551e-001	
6.80245235e+001	-1.06501990e-001	
6.83499997e+001	-1.06507258e-001	
6.86754758e+001	-1.06520388e-001	
6.90009520e+001	-1.06504922e-001	
6.93264282e+001	-1.06535592e-001	
6.96519044e+001	-1.06388419e-001	
6.99773806e+001	-1.07242394e-001	
7.03028568e+001	-1.32213480e-001	
7.06283330e+001	-2.48590520e-001	
7.09538092e+001	-3.53794709e-001	
7.12792854e+001	-3.85368191e-001	
7.16047615e+001	-3.86904681e-001	
7.19302377e+001	-3.87328944e-001	
7.22557139e+001	-3.87239631e-001	
7.25811901e+001	-3.87222257e-001	
7.29066663e+001	-3.87234820e-001	
7.32321425e+001	-3.84280293e-001	
7.35576187e+001	-3.55980870e-001	
7.38830949e+001	-3.24859008e-001	
7.42085711e+001	-3.27447048e-001	
7.45340472e+001	-3.28276411e-001	
7.48595234e+001	-3.28375013e-001	
7.51849996e+001	-3.28498536e-001	
7.55104758e+001	-3.28463298e-001	
7.58359520e+001	-3.28466709e-001	
7.61614282e+001	-3.28427700e-001	
7.64869044e+001	-3.28434601e-001	
7.68123806e+001	-3.28189650e-001	
7.71378568e+001	-3.28366669e-001	
7.74633329e+001	-3.28359193e-001	
7.77888091e+001	-3.28320993e-001	
7.81142853e+001	-3.30726478e-001	
7.84397615e+001	-3.94043861e-001	
7.87652377e+001	-5.04641995e-001	
7.90907139e+001	-5.69443947e-001	
7.94161901e+001	-5.81669415e-001	
7.97416663e+001	-5.80355848e-001	
8.00671425e+001	-5.49425692e-001	
8.03926186e+001	-4.79324745e-001	
8.07180948e+001	-4.90225999e-001	
8.10435710e+001	-5.46346836e-001	
8.13690472e+001	-5.63864168e-001	
8.16945234e+001	-5.65636559e-001	
8.20199996e+001	-5.65946734e-001	
8.23454758e+001	-5.65946650e-001	
8.26709520e+001	-5.65685617e-001	
8.29964282e+001	-5.65952664e-001	
8.33219043e+001	-5.66012537e-001	
8.36473805e+001	-5.65852124e-001	
8.39728567e+001	-5.65817520e-001	
8.42983329e+001	-5.65770838e-001	
8.46238091e+001	-5.65652904e-001	
8.49492853e+001	-5.65588760e-001	
8.52747615e+001	-5.64367637e-001	
8.56002377e+001	-5.59058701e-001	
8.59257139e+001	-5.53636877e-001	
8.62511900e+001	-5.69891557e-001	
8.65766662e+001	-6.36346786e-001	
8.69021424e+001	-6.26955144e-001	
8.72276186e+001	-5.87972849e-001	
8.75530948e+001	-6.43828980e-001	
8.78785710e+001	-7.36022787e-001	
8.82040472e+001	-7.71927138e-001	
8.85295234e+001	-7.76887229e-001	
8.88549996e+001	-7.79283100e-001	
8.91804757e+001	-7.78944274e-001	
8.95059519e+001	-7.79098206e-001	
8.98314281e+001	-7.79222635e-001	
9.01569043e+001	-7.80073447e-001	
9.04823805e+001	-7.79178722e-001	
9.08078567e+001	-7.80082185e-001	
9.11333329e+001	-7.80057718e-001	
9.14588091e+001	-7.79082505e-001	
9.17842853e+001	-7.78475674e-001	
9.21097614e+001	-7.78719358e-001	
9.24352376e+001	-7.77751759e-001	
9.27607138e+001	-7.73231779e-001	
9.30861900e+001	-7.54583759e-001	
9.34116662e+001	-6.78530827e-001	
9.37371424e+001	-5.56602356e-001	
9.40626186e+001	-5.41469086e-001	
9.43880948e+001	-6.85746439e-001	
9.47135710e+001	-8.30731882e-001	
9.50390471e+001	-9.01518639e-001	
9.53645233e+001	-9.19814157e-001	
9.56899995e+001	-9.26652290e-001	
9.60154757e+001	-9.29034226e-001	
9.63409519e+001	-9.30398921e-001	
9.66664281e+001	-9.30673679e-001	
9.69919043e+001	-9.31025534e-001	
9.73173805e+001	-9.31041476e-001	
9.76428567e+001	-9.31262111e-001	
9.79683328e+001	-9.31013516e-001	
9.82938090e+001	-9.31117799e-001	
9.86192852e+001	-9.30155433e-001	
9.89447614e+001	-9.29062720e-001	
9.92702376e+001	-9.24801747e-001	
9.95957138e+001	-9.10621004e-001	
9.99211900e+001	-8.57203739e-001	
1.00246666e+002	-7.38883921e-001	
1.00572142e+002	-6.53754345e-001	
1.00897619e+002	-6.80946566e-001	
1.01223095e+002	-7.30672778e-001	
1.01548571e+002	-7.09660726e-001	
1.01874047e+002	-7.10198387e-001	
1.02199523e+002	-7.77527806e-001	
1.02524999e+002	-8.89892178e-001	
1.02850476e+002	-9.73616492e-001	
1.03175952e+002	-1.00751646e+000	
1.03501428e+002	-1.01720571e+000	
1.03826904e+002	-1.02227955e+000	
1.04152380e+002	-1.02456548e+000	
1.04477857e+002	-1.02506551e+000	
1.04803333e+002	-1.02547918e+000	
1.05128809e+002	-1.02524323e+000	
1.05454285e+002	-1.02287086e+000	
1.05779761e+002	-1.01918710e+000	
1.06105238e+002	-1.00835466e+000	
1.06430714e+002	-9.64991979e-001	
1.06756190e+002	-8.59702013e-001	
1.07081666e+002	-7.34761132e-001	
1.07407142e+002	-6.84946095e-001	
1.07732619e+002	-7.75891946e-001	
1.08058095e+002	-8.99820746e-001	
1.08383571e+002	-9.61186061e-001	
1.08709047e+002	-9.27132507e-001	
1.09034523e+002	-8.25694887e-001	
1.09359999e+002	-7.35878329e-001	
1.09685476e+002	-7.25442935e-001	
1.10010952e+002	-7.90632062e-001	
1.10336428e+002	-9.08224393e-001	
1.10661904e+002	-1.00235059e+000	
1.10987380e+002	-1.04591738e+000	
1.11312857e+002	-1.06107251e+000	
1.11638333e+002	-1.06642837e+000	
1.11963809e+002	-1.06741250e+000	
1.12289285e+002	-1.06598211e+000	
1.12614761e+002	-1.05901523e+000	
1.12940238e+002	-1.03479272e+000	
1.13265714e+002	-9.59705271e-001	
1.13591190e+002	-8.34905656e-001	
1.13916666e+002	-7.18447504e-001	
1.14242142e+002	-7.21161804e-001	
1.14567618e+002	-8.51208223e-001	
1.14893095e+002	-9.71758696e-001	
1.15218571e+002	-1.03629613e+000	
1.15544047e+002	-1.05132081e+000	
1.15869523e+002	-1.05109040e+000	
1.16194999e+002	-1.02336023e+000	
1.16520476e+002	-9.52928182e-001	
1.16845952e+002	-8.46289594e-001	
1.17171428e+002	-7.49114973e-001	
1.17496904e+002	-7.31322365e-001	
1.17822380e+002	-7.92438761e-001	
1.18147857e+002	-9.08477451e-001	
1.18473333e+002	-9.95305075e-001	
1.18798809e+002	-1.04294098e+000	
1.19124285e+002	-1.05236480e+000	
1.19449761e+002	-1.04800506e+000	
1.19775237e+002	-1.00979607e+000	
1.20100714e+002	-9.17636271e-001	
1.20426190e+002	-7.83970752e-001	
1.20751666e+002	-6.95354310e-001	
1.21077142e+002	-7.65965622e-001	
1.21402618e+002	-8.98793317e-001	
1.21728095e+002	-1.00449183e+000	
1.22053571e+002	-1.05034961e+000	
1.22379047e+002	-1.06323158e+000	
1.22704523e+002	-1.06724133e+000	
1.23029999e+002	-1.06659696e+000	
1.23355476e+002	-1.06451631e+000	
1.23680952e+002	-1.05570859e+000	
1.24006428e+002	-1.03156766e+000	
1.24331904e+002	-9.56693003e-001	
1.24657380e+002	-8.49834752e-001	
1.24982857e+002	-7.44987160e-001	
1.25308333e+002	-7.23462492e-001	
1.25633809e+002	-7.74308792e-001	
1.25959285e+002	-8.76336543e-001	
1.26284761e+002	-9.53136475e-001	
1.26610237e+002	-9.41896526e-001	
1.26935714e+002	-8.43862207e-001	
1.27261190e+002	-7.15934401e-001	
1.27586666e+002	-6.90368736e-001	
1.27912142e+002	-7.93182003e-001	
1.28237618e+002	-9.21897520e-001	
1.28563095e+002	-9.92272853e-001	
1.28888571e+002	-1.01529665e+000	
1.29214047e+002	-1.02166033e+000	
1.29539523e+002	-1.02389121e+000	
1.29864999e+002	-1.02526888e+000	
1.30190476e+002	-1.02556119e+000	
1.30515952e+002	-1.02494974e+000	
1.30841428e+002	-1.02336722e+000	
1.31166904e+002	-1.02047594e+000	
1.31492380e+002	-1.01385413e+000	
1.31817856e+002	-9.95310273e-001	
1.32143333e+002	-9.36037902e-001	
1.32468809e+002	-8.34048759e-001	
1.32794285e+002	-7.34775006e-001	
1.33119761e+002	-7.04631527e-001	
1.33445237e+002	-7.22792615e-001	
1.33770714e+002	-7.13730318e-001	
1.34096190e+002	-6.52964141e-001	
1.34421666e+002	-6.86390525e-001	
1.34747142e+002	-8.02769346e-001	
1.35072618e+002	-8.91584805e-001	
1.35398095e+002	-9.17026884e-001	
1.35723571e+002	-9.28173329e-001	
1.36049047e+002	-9.29626440e-001	
1.36374523e+002	-9.30390141e-001	
1.36699999e+002	-9.30644401e-001	
1.37025476e+002	-9.30694269e-001	
1.37350952e+002	-9.30875210e-001	
1.37676428e+002	-9.30873162e-001	
1.38001904e+002	-9.31723052e-001	
1.38327380e+002	-9.30302866e-001	
1.38652856e+002	-9.29315704e-001	
1.38978333e+002	-9.28120842e-001	
1.39303809e+002	-9.24568575e-001	
1.39629285e+002	-9.13268587e-001	
1.39954761e+002	-8.77383349e-001	
1.40280237e+002	-7.66589720e-001	
1.40605714e+002	-5.95122890e-001	
1.40931190e+002	-5.29008967e-001	
1.41256666e+002	-6.11861281e-001	
1.41582142e+002	-7.26844308e-001	
1.41907618e+002	-7.67252457e-001	
1.42233095e+002	-7.75941354e-001	
1.42558571e+002	-7.78556878e-001	
1.42884047e+002	-7.78823492e-001	
1.43209523e+002	-7.79089529e-001	
1.43534999e+002	-7.79148601e-001	
1.43860475e+002	-7.79766012e-001	
1.44185952e+002	-7.79279724e-001	
1.44511428e+002	-7.79864740e-001	
1.44836904e+002	-7.79250420e-001	
1.45162380e+002	-7.79293018e-001	
1.45487856e+002	-7.79094473e-001	
1.45813333e+002	-7.79117978e-001	
1.46138809e+002	-7.78018796e-001	
1.46464285e+002	-7.75372059e-001	
1.46789761e+002	-7.58648707e-001	
1.47115237e+002	-6.94722490e-001	
1.47440714e+002	-6.01088374e-001	
1.47766190e+002	-5.95472700e-001	
1.48091666e+002	-6.47999913e-001	
1.48417142e+002	-6.01762184e-001	
1.48742618e+002	-5.57861698e-001	
1.49068094e+002	-5.55381796e-001	
1.49393571e+002	-5.62986909e-001	
1.49719047e+002	-5.65123776e-001	
1.50044523e+002	-5.65459701e-001	
1.50369999e+002	-5.65591862e-001	
1.50695475e+002	-5.66099116e-001	
1.51020952e+002	-5.65738829e-001	
1.51346428e+002	-5.65351157e-001	
1.51671904e+002	-5.65680427e-001	
1.51997380e+002	-5.66145546e-001	
1.52322856e+002	-5.65950904e-001	
1.52648333e+002	-5.65750982e-001	
1.52973809e+002	-5.65804646e-001	
1.53299285e+002	-5.65374641e-001	
1.53624761e+002	-5.59543359e-001	
1.53950237e+002	-5.20200050e-001	
1.54275714e+002	-4.72239988e-001	
1.54601190e+002	-5.09830263e-001	
1.54926666e+002	-5.73089077e-001	
1.55252142e+002	-5.83458866e-001	
1.55577618e+002	-5.80293617e-001	
1.55903094e+002	-5.41214497e-001	
1.56228571e+002	-4.50000886e-001	
1.56554047e+002	-3.48269055e-001	
1.56879523e+002	-3.29245714e-001	
1.57204999e+002	-3.28536931e-001	
1.57530475e+002	-3.28625483e-001	
1.57855952e+002	-3.28545240e-001	
1.58181428e+002	-3.28689659e-001	
1.58506904e+002	-3.28714299e-001	
1.58832380e+002	-3.28792937e-001	
1.59157856e+002	-3.28651388e-001	
1.59483333e+002	-3.28622495e-001	
1.59808809e+002	-3.28667188e-001	
1.60134285e+002	-3.28687285e-001	
1.60459761e+002	-3.28371288e-001	
1.60785237e+002	-3.25748277e-001	
1.61110713e+002	-3.32666284e-001	
1.61436190e+002	-3.76998902e-001	
1.61761666e+002	-3.86472802e-001	
1.62087142e+002	-3.86950519e-001	
1.62412618e+002	-3.86882183e-001	
1.62738094e+002	-3.87067791e-001	
1.63063571e+002	-3.86705484e-001	
1.63389047e+002	-3.87014530e-001	
1.63714523e+002	-3.77679593e-001	
1.64039999e+002	-3.12898483e-001	
1.64365475e+002	-1.82502889e-001	
1.64690952e+002	-1.11742368e-001	
1.65016428e+002	-1.05867198e-001	
1.65341904e+002	-1.06270677e-001	
1.65667380e+002	-1.06201125e-001	
1.65992856e+002	-1.06151887e-001	
1.66318333e+002	-1.06184298e-001	
1.66643809e+002	-1.06154475e-001	
1.66969285e+002	-1.06154627e-001	
1.67294761e+002	-1.06063287e-001	
1.67620237e+002	-1.16923472e-001	
1.67945713e+002	-1.76293059e-001	
1.68271190e+002	-2.01457602e-001	
1.68596666e+002	-2.02439762e-001	
1.68922142e+002	-2.02522127e-001	
1.69247618e+002	-2.02403734e-001	
1.69573094e+002	-2.02473242e-001	
1.69898571e+002	-2.02360041e-001	
1.70224047e+002	-2.02516705e-001	
1.70549523e+002	-2.02545352e-001	
1.70874999e+002	-2.02335432e-001	
1.71200475e+002	-2.02388376e-001	
1.71525952e+002	-2.00207407e-001	
1.71851428e+002	-1.71564352e-001	
1.72176904e+002	-5.69300266e-002	
1.72502380e+002	6.37991451e-002	
1.72827856e+002	8.92683104e-002	
1.73153332e+002	9.00885189e-002	
1.73478809e+002	9.01572105e-002	
1.73804285e+002	9.01828491e-002	
1.74129761e+002	8.29185299e-002	
1.74455237e+002	2.36965263e-002	
1.74780713e+002	-2.12995556e-002	
1.75106190e+002	-2.48250742e-002	
1.75431666e+002	-2.48919758e-002	
1.75757142e+002	-2.49005463e-002	
1.76082618e+002	-2.48908424e-002	
1.76408094e+002	-2.48997394e-002	
1.76733571e+002	-2.48980341e-002	
1.77059047e+002	-2.49306432e-002	
1.77384523e+002	-2.48869095e-002	
1.77709999e+002	-2.48787270e-002	
1.78035475e+002	-2.48716445e-002	
1.78360951e+002	-2.48660882e-002	
1.78686428e+002	-2.48313236e-002	
1.79011904e+002	-2.47981375e-002	
1.79337380e+002	-2.41196775e-002	
1.79662856e+002	-1.79171270e-002	
1.79988332e+002	6.03891038e-002	
1.80313809e+002	1.98217034e-001	
1.80639285e+002	2.58256336e-001	
1.80964761e+002	2.21731445e-001	
1.81290237e+002	1.61360473e-001	
1.81615713e+002	1.55032704e-001	
1.81941190e+002	1.55081936e-001	
1.82266666e+002	1.55141751e-001	
1.82592142e+002	1.55238451e-001	
1.82917618e+002	1.55221511e-001	
1.83243094e+002	1.55214876e-001	
1.83568571e+002	1.55288924e-001	
1.83894047e+002	1.55258088e-001	
1.84219523e+002	1.55414635e-001	
1.84544999e+002	1.55288248e-001	
1.84870475e+002	1.55295749e-001	
1.85195951e+002	1.55107668e-001	
1.85521428e+002	1.55291918e-001	
1.85846904e+002	1.55249637e-001	
1.86172380e+002	1.55169079e-001	
1.86497856e+002	1.55180087e-001	
1.86823332e+002	1.55160454e-001	
1.87148809e+002	1.55195852e-001	
1.87474285e+002	1.51226457e-001	
1.87799761e+002	1.47068899e-001	
1.88125237e+002	2.52226240e-001	
1.88450713e+002	3.34165372e-001	
1.88776190e+002	3.49897259e-001	
1.89101666e+002	3.50081444e-001	
1.89427142e+002	3.50373041e-001	
1.89752618e+002	3.50377205e-001	
1.90078094e+002	3.50589657e-001	
1.90403570e+002	3.50452453e-001	
1.90729047e+002	3.50811500e-001	
1.91054523e+002	3.50586785e-001	
1.91379999e+002	3.50910684e-001	
1.91705475e+002	3.50609078e-001	
1.92030951e+002	3.50587362e-001	
1.92356428e+002	3.50652931e-001	
1.92681904e+002	3.50606927e-001	
1.93007380e+002	3.50501774e-001	
1.93332856e+002	3.50442386e-001	
1.93658332e+002	3.50346150e-001	
1.93983809e+002	3.49381995e-001	
1.94309285e+002	3.31540473e-001	
1.94634761e+002	3.08713708e-001	
1.94960237e+002	3.12126351e-001	
1.95285713e+002	3.13864669e-001	
1.95611190e+002	3.23969556e-001	
1.95936666e+002	4.10816052e-001	
1.96262142e+002	5.15779317e-001	
1.96587618e+002	5.61869794e-001	
1.96913094e+002	5.68615879e-001	
1.97238570e+002	5.69623093e-001	
1.97564047e+002	5.69807059e-001	
1.97889523e+002	5.69886053e-001	
1.98214999e+002	5.69924031e-001	
1.98540475e+002	5.69922136e-001	
1.98865951e+002	5.69931965e-001	
1.99191428e+002	5.69596638e-001	
1.99516904e+002	5.70214192e-001	
1.99842380e+002	5.69838321e-001	
2.00167856e+002	5.69585824e-001	
2.00493332e+002	5.65778486e-001	
2.00818809e+002	5.40244518e-001	
2.01144285e+002	4.76948715e-001	
2.01469761e+002	4.82792408e-001	
2.01795237e+002	5.41724179e-001	
2.02120713e+002	5.60530884e-001	
2.02446189e+002	5.61524343e-001	
2.02771666e+002	5.59876062e-001	
2.03097142e+002	5.52121770e-001	
2.03422618e+002	5.48290775e-001	
2.03748094e+002	5.75570782e-001	
2.04073570e+002	6.75336514e-001	
2.04399047e+002	7.49443872e-001	
2.04724523e+002	7.74417916e-001	
2.05049999e+002	7.79951132e-001	
2.05375475e+002	7.81313120e-001	
2.05700951e+002	7.81656428e-001	
2.06026428e+002	7.81478296e-001	
2.06351904e+002	7.81386128e-001	
2.06677380e+002	7.80076847e-001	
2.07002856e+002	7.73839970e-001	
2.07328332e+002	7.39599622e-001	
2.07653808e+002	6.43662880e-001	
2.07979285e+002	5.78606548e-001	
2.08304761e+002	6.30843008e-001	
2.08630237e+002	7.27594912e-001	
2.08955713e+002	7.67857845e-001	
2.09281189e+002	7.74002882e-001	
2.09606666e+002	7.75356026e-001	
2.09932142e+002	7.74176124e-001	
2.10257618e+002	7.69802543e-001	
2.10583094e+002	7.47548546e-001	
2.10908570e+002	6.87890087e-001	
2.11234047e+002	6.49325739e-001	
2.11559523e+002	6.65701193e-001	
2.11884999e+002	7.64433008e-001	
2.12210475e+002	8.64770433e-001	
2.12535951e+002	9.22460431e-001	
2.12861428e+002	9.37880455e-001	
2.13186904e+002	9.41381432e-001	
2.13512380e+002	9.34165961e-001	
2.13837856e+002	8.97727606e-001	
2.14163332e+002	8.04417866e-001	
2.14488808e+002	6.80304445e-001	
2.14814285e+002	6.54040610e-001	
2.15139761e+002	7.57990964e-001	
2.15465237e+002	8.62388305e-001	
2.15790713e+002	9.14625576e-001	
2.16116189e+002	9.28538418e-001	
2.16441666e+002	9.32042827e-001	
2.16767142e+002	9.34236670e-001	
2.17092618e+002	9.31708848e-001	
2.17418094e+002	9.30757964e-001	
2.17743570e+002	9.25020845e-001	
2.18069047e+002	9.08740863e-001	
2.18394523e+002	8.52618794e-001	
2.18719999e+002	7.62917142e-001	
2.19045475e+002	7.05301615e-001	
2.19370951e+002	7.17618452e-001	
2.19696427e+002	8.11661850e-001	
2.20021904e+002	9.28974501e-001	
2.20347380e+002	9.76469409e-001	
2.20672856e+002	9.30886601e-001	
2.20998332e+002	8.01960686e-001	
2.21323808e+002	6.89618910e-001	
2.21649285e+002	7.27423035e-001	
2.21974761e+002	8.46801947e-001	
2.22300237e+002	9.50987189e-001	
2.22625713e+002	9.98706429e-001	
2.22951189e+002	1.01098366e+000	
2.23276666e+002	1.01470775e+000	
2.23602142e+002	1.01642370e+000	
2.23927618e+002	1.01704573e+000	
2.24253094e+002	1.01660520e+000	
2.24578570e+002	1.01672173e+000	
2.24904047e+002	1.01465745e+000	
2.25229523e+002	1.01160704e+000	
2.25554999e+002	1.00261383e+000	
2.25880475e+002	9.77079950e-001	
2.26205951e+002	9.08247006e-001	
2.26531427e+002	8.12665172e-001	
2.26856904e+002	7.46472448e-001	
2.27182380e+002	7.44586450e-001	
2.27507856e+002	7.71332292e-001	
2.27833332e+002	7.41737916e-001	
2.28158808e+002	7.12515399e-001	
2.28484285e+002	7.88771396e-001	
2.28809761e+002	9.12590039e-001	
2.29135237e+002	9.95736535e-001	
2.29460713e+002	1.02519617e+000	
2.29786189e+002	1.03342712e+000	
2.30111666e+002	1.03710282e+000	
2.30437142e+002	1.03872181e+000	
2.30762618e+002	1.03916063e+000	
2.31088094e+002	1.03946003e+000	
2.31413570e+002	1.03891287e+000	
2.31739046e+002	1.03966234e+000	
2.32064523e+002	1.03868123e+000	
2.32389999e+002	1.03758500e+000	
2.32715475e+002	1.03496968e+000	
2.33040951e+002	1.03058404e+000	
2.33366427e+002	1.02043166e+000	
2.33691904e+002	9.93096902e-001	
2.34017380e+002	9.09376829e-001	
2.34342856e+002	7.47212912e-001	
2.34668332e+002	5.96008687e-001	
2.34993808e+002	5.96948736e-001	
2.35319285e+002	7.49785456e-001	
2.35644761e+002	9.09694623e-001	
2.35970237e+002	9.93655453e-001	
2.36295713e+002	1.01852110e+000	
2.36621189e+002	1.03033453e+000	
2.36946665e+002	1.03525615e+000	
2.37272142e+002	1.03780145e+000	
2.37597618e+002	1.03870593e+000	
2.37923094e+002	1.03924049e+000	
2.38248570e+002	1.03992598e+000	
2.38574046e+002	1.03999302e+000	
2.38899523e+002	1.03877348e+000	
2.39224999e+002	1.03897157e+000	
2.39550475e+002	1.03671621e+000	
2.39875951e+002	1.03363281e+000	
2.40201427e+002	1.02590966e+000	
2.40526904e+002	9.99382049e-001	
2.40852380e+002	9.10565060e-001	
2.41177856e+002	7.87491176e-001	
2.41503332e+002	7.14626552e-001	
2.41828808e+002	7.36828942e-001	
2.42154285e+002	7.71946227e-001	
2.42479761e+002	7.47516630e-001	
2.42805237e+002	7.47012725e-001	
2.43130713e+002	8.12045299e-001	
2.43456189e+002	9.07284959e-001	
2.43781665e+002	9.79185471e-001	
2.44107142e+002	1.00308739e+000	
2.44432618e+002	1.01128131e+000	
2.44758094e+002	1.01485862e+000	
2.45083570e+002	1.01621640e+000	
2.45409046e+002	1.01775375e+000	
2.45734523e+002	1.01690875e+000	
2.46059999e+002	1.01644146e+000	
2.46385475e+002	1.01441584e+000	
2.46710951e+002	1.01121384e+000	
2.47036427e+002	9.98326141e-001	
2.47361904e+002	9.51171772e-001	
2.47687380e+002	8.50396178e-001	
2.48012856e+002	7.26770006e-001	
2.48338332e+002	6.91237335e-001	
2.48663808e+002	8.01332757e-001	
2.48989284e+002	9.28990463e-001	
2.49314761e+002	9.76989933e-001	
2.49640237e+002	9.24378475e-001	
2.49965713e+002	8.16602418e-001	
2.50291189e+002	7.17966327e-001	
2.50616665e+002	7.03704468e-001	
2.50942142e+002	7.62669826e-001	
2.51267618e+002	8.59476788e-001	
2.51593094e+002	9.08438400e-001	
2.51918570e+002	9.26307300e-001	
2.52244046e+002	9.30666762e-001	
2.52569523e+002	9.32504986e-001	
2.52894999e+002	9.33235581e-001	
2.53220475e+002	9.32588020e-001	
2.53545951e+002	9.28977929e-001	
2.53871427e+002	9.15921764e-001	
2.54196903e+002	8.66351104e-001	
2.54522380e+002	7.59553613e-001	
2.54847856e+002	6.55398258e-001	
2.55173332e+002	6.79138288e-001	
2.55498808e+002	8.05509035e-001	
2.55824284e+002	8.95108304e-001	
2.56149761e+002	9.34999635e-001	
2.56475237e+002	9.40275047e-001	
2.56800713e+002	9.38309349e-001	
2.57126189e+002	9.21695338e-001	
2.57451665e+002	8.66382958e-001	
2.57777142e+002	7.65626748e-001	
2.58102618e+002	6.68916952e-001	
2.58428094e+002	6.49792524e-001	
2.58753570e+002	6.88191122e-001	
2.59079046e+002	7.46692108e-001	
2.59404523e+002	7.69757065e-001	
2.59729999e+002	7.74404887e-001	
2.60055475e+002	7.75394058e-001	
2.60380951e+002	7.74358557e-001	
2.60706427e+002	7.68749850e-001	
2.61031903e+002	7.33337686e-001	
2.61357380e+002	6.35940010e-001	
2.61682856e+002	5.78262245e-001	
2.62008332e+002	6.47849376e-001	
2.62333808e+002	7.36301061e-001	
2.62659284e+002	7.73372956e-001	
2.62984761e+002	7.79876535e-001	
2.63310237e+002	7.81270587e-001	
2.63635713e+002	7.81308510e-001	
2.63961189e+002	7.81335251e-001	
2.64286665e+002	7.81126005e-001	
2.64612142e+002	7.79763471e-001	
2.64937618e+002	7.72730896e-001	
2.65263094e+002	7.49387214e-001	
2.65588570e+002	6.72906424e-001	
2.65914046e+002	5.76557979e-001	
2.66239522e+002	5.47843897e-001	
2.66564999e+002	5.51899332e-001	
2.66890475e+002	5.59982908e-001	
2.67215951e+002	5.61436264e-001	
2.67541427e+002	5.60202146e-001	
2.67866903e+002	5.42740739e-001	
2.68192380e+002	4.82450962e-001	
2.68517856e+002	4.75840394e-001	
2.68843332e+002	5.38686114e-001	
2.69168808e+002	5.67027183e-001	
2.69494284e+002	5.69905735e-001	
2.69819761e+002	5.70070270e-001	
2.70145237e+002	5.70263565e-001	
2.70470713e+002	5.69849661e-001	
2.70796189e+002	5.70155996e-001	
2.71121665e+002	5.70264346e-001	
2.71447142e+002	5.70207723e-001	
2.71772618e+002	5.70111331e-001	
2.72098094e+002	5.69992658e-001	
2.72423570e+002	5.70074408e-001	
2.72749046e+002	5.68546587e-001	
2.73074522e+002	5.61002690e-001	
2.73399999e+002	5.15046067e-001	
2.73725475e+002	4.06965968e-001	
2.74050951e+002	3.23635192e-001	
2.74376427e+002	3.14036553e-001	
2.74701903e+002	3.12176292e-001	
2.75027380e+002	3.08833418e-001	
2.75352856e+002	3.32280644e-001	
2.75678332e+002	3.49521999e-001	
2.76003808e+002	3.51258782e-001	
2.76329284e+002	3.51394142e-001	
2.76654761e+002	3.51379781e-001	
2.76980237e+002	3.51341444e-001	
2.77305713e+002	3.51367393e-001	
2.77631189e+002	3.51388067e-001	
2.77956665e+002	3.51358917e-001	
2.78282141e+002	3.51365292e-001	
2.78607618e+002	3.51388451e-001	
2.78933094e+002	3.51713224e-001	
2.79258570e+002	3.51202692e-001	
2.79584046e+002	3.51186468e-001	
2.79909522e+002	3.51143424e-001	
2.80234999e+002	3.51104072e-001	
2.80560475e+002	3.50906402e-001	
2.80885951e+002	3.50222605e-001	
2.81211427e+002	3.36358236e-001	
2.81536903e+002	2.52207198e-001	
2.81862380e+002	1.52245482e-001	
2.82187856e+002	1.51131850e-001	
2.82513332e+002	1.54500526e-001	
2.82838808e+002	1.54521450e-001	
2.83164284e+002	1.54457492e-001	
2.83489760e+002	1.54451507e-001	
2.83815237e+002	1.54489331e-001	
2.84140713e+002	1.54440453e-001	
2.84466189e+002	1.54399296e-001	
2.84791665e+002	1.54520263e-001	
2.85117141e+002	1.54509274e-001	
2.85442618e+002	1.54500734e-001	
2.85768094e+002	1.54505502e-001	
2.86093570e+002	1.54540774e-001	
2.86419046e+002	1.54477737e-001	
2.86744522e+002	1.54510173e-001	
2.87069999e+002	1.54518468e-001	
2.87395475e+002	1.54385790e-001	
2.87720951e+002	1.54414831e-001	
2.88046427e+002	1.54315258e-001	
2.88371903e+002	1.61849156e-001	
2.88697380e+002	2.21981597e-001	
2.89022856e+002	2.56589822e-001	
2.89348332e+002	1.97888895e-001	
2.89673808e+002	6.72145849e-002	
2.89999284e+002	-1.65444921e-002	
2.90324760e+002	-2.40340116e-002	
2.90650237e+002	-2.47108025e-002	
2.90975713e+002	-2.46539933e-002	
2.91301189e+002	-2.46966955e-002	
2.91626665e+002	-2.47099052e-002	
2.91952141e+002	-2.47055752e-002	
2.92277618e+002	-2.46969852e-002	
2.92603094e+002	-2.47111398e-002	
2.92928570e+002	-2.47369313e-002	
2.93254046e+002	-2.47452368e-002	
2.93579522e+002	-2.47582347e-002	
2.93904999e+002	-2.47527596e-002	
2.94230475e+002	-2.47882621e-002	
2.94555951e+002	-2.47160263e-002	
2.94881427e+002	-2.22438992e-002	
2.95206903e+002	2.38038279e-002	
2.95532379e+002	8.48158981e-002	
2.95857856e+002	9.07397029e-002	
2.96183332e+002	9.06543085e-002	
2.96508808e+002	9.07007049e-002	
2.96834284e+002	8.90113829e-002	
2.97159760e+002	6.55772174e-002	
2.97485237e+002	-5.09860895e-002	
2.97810713e+002	-1.70437682e-001	
2.98136189e+002	-2.00329622e-001	
2.98461665e+002	-2.01854784e-001	
2.98787141e+002	-2.01840785e-001	
2.99112618e+002	-2.01928277e-001	
2.99438094e+002	-2.01935126e-001	
2.99763570e+002	-2.01850585e-001	
3.00089046e+002	-2.02011503e-001	
3.00414522e+002	-2.01883876e-001	
3.00739999e+002	-2.01930972e-001	
3.01065475e+002	-2.02041792e-001	
3.01390951e+002	-2.01438767e-001	
3.01716427e+002	-1.79454093e-001	
3.02041903e+002	-1.18551564e-001	
3.02367379e+002	-1.07042356e-001	
3.02692856e+002	-1.06678490e-001	
3.03018332e+002	-1.06695381e-001	
3.03343808e+002	-1.06702557e-001	
3.03669284e+002	-1.06681754e-001	
3.03994760e+002	-1.06662360e-001	
3.04320237e+002	-1.06824172e-001	
3.04645713e+002	-1.06734769e-001	
3.04971189e+002	-1.10547706e-001	
3.05296665e+002	-1.83309717e-001	
3.05622141e+002	-3.10876492e-001	
3.05947618e+002	-3.77689698e-001	
3.06273094e+002	-3.86765700e-001	
3.06598570e+002	-3.87309974e-001	
3.06924046e+002	-3.87468114e-001	
3.07249522e+002	-3.87424793e-001	
3.07574998e+002	-3.87554646e-001	
3.07900475e+002	-3.86684608e-001	
3.08225951e+002	-3.76671513e-001	
3.08551427e+002	-3.33207742e-001	
3.08876903e+002	-3.25134051e-001	
3.09202379e+002	-3.28394755e-001	
3.09527856e+002	-3.28622619e-001	
3.09853332e+002	-3.28671472e-001	
3.10178808e+002	-3.28560463e-001	
3.10504284e+002	-3.28868889e-001	
3.10829760e+002	-3.28763752e-001	
3.11155237e+002	-3.28710138e-001	
3.11480713e+002	-3.28459890e-001	
3.11806189e+002	-3.28484709e-001	
3.12131665e+002	-3.28544053e-001	
3.12457141e+002	-3.28565274e-001	
3.12782617e+002	-3.28948111e-001	
3.13108094e+002	-3.49545293e-001	
3.13433570e+002	-4.51738600e-001	
3.13759046e+002	-5.48398235e-001	
3.14084522e+002	-5.78956549e-001	
3.14409998e+002	-5.82927218e-001	
3.14735475e+002	-5.69708548e-001	
3.15060951e+002	-5.09573995e-001	
3.15386427e+002	-4.72253108e-001	
3.15711903e+002	-5.22718437e-001	
3.16037379e+002	-5.59728103e-001	
3.16362856e+002	-5.64765086e-001	
3.16688332e+002	-5.65818147e-001	
3.17013808e+002	-5.66018953e-001	
3.17339284e+002	-5.66043709e-001	
3.17664760e+002	-5.65889120e-001	
3.17990237e+002	-5.65947804e-001	
3.18315713e+002	-5.65916418e-001	
3.18641189e+002	-5.65916805e-001	
3.18966665e+002	-5.65852923e-001	
3.19292141e+002	-5.65811122e-001	
3.19617617e+002	-5.65566210e-001	
3.19943094e+002	-5.65090889e-001	
3.20268570e+002	-5.62460017e-001	
3.20594046e+002	-5.55272912e-001	
3.20919522e+002	-5.53429984e-001	
3.21244998e+002	-6.01827503e-001	
3.21570475e+002	-6.50085029e-001	
3.21895951e+002	-5.99595236e-001	
3.22221427e+002	-6.04344778e-001	
3.22546903e+002	-6.97073748e-001	
3.22872379e+002	-7.60357664e-001	
3.23197856e+002	-7.74802605e-001	
3.23523332e+002	-7.78604843e-001	
3.23848808e+002	-7.78874085e-001	
3.24174284e+002	-7.79043878e-001	
3.24499760e+002	-7.78969914e-001	
3.24825236e+002	-7.79228868e-001	
3.25150713e+002	-7.79431171e-001	
3.25476189e+002	-7.79172692e-001	
3.25801665e+002	-7.79243435e-001	
3.26127141e+002	-7.79138513e-001	
3.26452617e+002	-7.79422898e-001	
3.26778094e+002	-7.78809345e-001	
3.27103570e+002	-7.77953258e-001	
3.27429046e+002	-7.76088243e-001	
3.27754522e+002	-7.67611233e-001	
3.28079998e+002	-7.26984196e-001	
3.28405475e+002	-6.13982513e-001	
3.28730951e+002	-5.26823237e-001	
3.29056427e+002	-5.94765228e-001	
3.29381903e+002	-7.71448536e-001	
3.29707379e+002	-8.74466708e-001	
3.30032856e+002	-9.12915138e-001	
3.30358332e+002	-9.24154687e-001	
3.30683808e+002	-9.27799598e-001	
3.31009284e+002	-9.29786951e-001	
3.31334760e+002	-9.30371791e-001	
3.31660236e+002	-9.31124310e-001	
3.31985713e+002	-9.30749355e-001	
3.32311189e+002	-9.31391528e-001	
3.32636665e+002	-9.30780274e-001	
3.32962141e+002	-9.30688167e-001	
3.33287617e+002	-9.30291866e-001	
3.33613094e+002	-9.29880440e-001	
3.33938570e+002	-9.26852739e-001	
3.34264046e+002	-9.20055331e-001	
3.34589522e+002	-8.89962016e-001	
3.34914998e+002	-8.03134304e-001	
3.35240475e+002	-6.84006788e-001	
3.35565951e+002	-6.54174413e-001	
3.35891427e+002	-7.15334210e-001	
3.36216903e+002	-7.19222561e-001	
3.36542379e+002	-7.01856841e-001	
3.36867855e+002	-7.31116179e-001	
3.37193332e+002	-8.37199119e-001	
3.37518808e+002	-9.40112256e-001	
3.37844284e+002	-9.97257164e-001	
3.38169760e+002	-1.01406813e+000	
3.38495236e+002	-1.02071441e+000	
3.38820713e+002	-1.02185690e+000	
3.39146189e+002	-1.02372960e+000	
3.39471665e+002	-1.02464165e+000	
3.39797141e+002	-1.02484850e+000	
3.40122617e+002	-1.02411452e+000	
3.40448094e+002	-1.02081731e+000	
3.40773570e+002	-1.01532567e+000	
3.41099046e+002	-9.93828254e-001	
3.41424522e+002	-9.19458239e-001	
3.41749998e+002	-7.96577317e-001	
3.42075474e+002	-6.91469710e-001	
3.42400951e+002	-7.16225317e-001	
3.42726427e+002	-8.45557878e-001	
3.43051903e+002	-9.43728872e-001	
3.43377379e+002	-9.56286046e-001	
3.43702855e+002	-8.80375299e-001	
3.44028332e+002	-7.73153434e-001	
3.44353808e+002	-7.23895965e-001	
3.44679284e+002	-7.45527421e-001	
3.45004760e+002	-8.48204068e-001	
3.45330236e+002	-9.61941213e-001	
3.45655713e+002	-1.02912015e+000	
3.45981189e+002	-1.05643525e+000	
3.46306665e+002	-1.06412970e+000	
3.46632141e+002	-1.06652647e+000	
3.46957617e+002	-1.06800103e+000	
3.47283094e+002	-1.06342929e+000	
3.47608570e+002	-1.05051943e+000	
3.47934046e+002	-1.00274254e+000	
3.48259522e+002	-9.01693766e-001	
3.48584998e+002	-7.65913568e-001	
3.48910474e+002	-7.00194473e-001	
3.49235951e+002	-7.82934118e-001	
3.49561427e+002	-9.16095395e-001	
3.49886903e+002	-1.00949892e+000	
3.50212379e+002	-1.04792724e+000	
3.50537855e+002	-1.05275602e+000	
3.50863332e+002	-1.04212940e+000	
3.51188808e+002	-9.98986441e-001	
3.51514284e+002	-9.07616041e-001	
3.51839760e+002	-7.91282081e-001	
3.52165236e+002	-7.32990661e-001	
3.52490713e+002	-7.48677316e-001	
3.52816189e+002	-8.48537810e-001	
3.53141665e+002	-9.57059164e-001	
3.53467141e+002	-1.02475914e+000	
3.53792617e+002	-1.05031027e+000	
3.54118093e+002	-1.05253371e+000	
3.54443570e+002	-1.03374067e+000	
3.54769046e+002	-9.69172322e-001	
3.55094522e+002	-8.53051694e-001	
3.55419998e+002	-7.19238215e-001	
3.55745474e+002	-7.13915482e-001	
3.56070951e+002	-8.31763658e-001	
3.56396427e+002	-9.55037162e-001	
3.56721903e+002	-1.03334487e+000	
3.57047379e+002	-1.05867024e+000	
3.57372855e+002	-1.06568587e+000	
3.57698332e+002	-1.06759633e+000	
3.58023808e+002	-1.06693083e+000	
3.58349284e+002	-1.06064261e+000	
3.58674760e+002	-1.04645132e+000	
3.59000236e+002	-1.00368991e+000	
3.59325712e+002	-9.07731034e-001	
3.59651189e+002	-7.92065638e-001	
3.59976665e+002	-7.25403538e-001	
3.60302141e+002	-7.35656152e-001	
3.60627617e+002	-8.27366822e-001	
3.60953093e+002	-9.28989140e-001	
3.61278570e+002	-9.60136651e-001	
3.61604046e+002	-9.01792159e-001	
3.61929522e+002	-7.78350726e-001	
3.62254998e+002	-6.79239372e-001	
3.62580474e+002	-7.34777422e-001	
3.62905951e+002	-8.61472153e-001	
3.63231427e+002	-9.62786782e-001	
3.63556903e+002	-1.00718019e+000	
3.63882379e+002	-1.01885485e+000	
3.64207855e+002	-1.02354893e+000	
3.64533332e+002	-1.02464598e+000	
3.64858808e+002	-1.02528970e+000	
3.65184284e+002	-1.02538279e+000	
3.65509760e+002	-1.02508965e+000	
3.65835236e+002	-1.02237349e+000	
3.66160712e+002	-1.01787958e+000	
3.66486189e+002	-1.00650439e+000	
3.66811665e+002	-9.73616418e-001	
3.67137141e+002	-8.90320844e-001	
3.67462617e+002	-7.78026424e-001	
3.67788093e+002	-7.06555581e-001	
3.68113570e+002	-7.10314616e-001	
3.68439046e+002	-7.26456056e-001	
3.68764522e+002	-6.79359792e-001	
3.69089998e+002	-6.54243201e-001	
3.69415474e+002	-7.37035340e-001	
3.69740951e+002	-8.53675088e-001	
3.70066427e+002	-9.10838550e-001	
3.70391903e+002	-9.26401944e-001	
3.70717379e+002	-9.28607664e-001	
3.71042855e+002	-9.30144337e-001	
3.71368331e+002	-9.30671538e-001	
3.71693808e+002	-9.30539147e-001	
3.72019284e+002	-9.31063256e-001	
3.72344760e+002	-9.30843634e-001	
3.72670236e+002	-9.31722911e-001	
3.72995712e+002	-9.31132489e-001	
3.73321189e+002	-9.30135980e-001	
3.73646665e+002	-9.29446156e-001	
3.73972141e+002	-9.26638209e-001	
3.74297617e+002	-9.19983446e-001	
3.74623093e+002	-8.99223243e-001	
3.74948570e+002	-8.35132935e-001	
3.75274046e+002	-6.82433161e-001	
3.75599522e+002	-5.39795844e-001	
3.75924998e+002	-5.55741226e-001	
3.76250474e+002	-6.75818324e-001	
3.76575951e+002	-7.54224271e-001	
3.76901427e+002	-7.73522294e-001	
3.77226903e+002	-7.77338814e-001	
3.77552379e+002	-7.78536228e-001	
3.77877855e+002	-7.79143502e-001	
3.78203331e+002	-7.79188253e-001	
3.78528808e+002	-7.79505822e-001	
3.78854284e+002	-7.79461082e-001	
3.79179760e+002	-7.79922084e-001	
3.79505236e+002	-7.79687080e-001	
3.79830712e+002	-7.79193016e-001	
3.80156189e+002	-7.79015546e-001	
3.80481665e+002	-7.79045604e-001	
3.80807141e+002	-7.78615294e-001	
3.81132617e+002	-7.77499003e-001	
3.81458093e+002	-7.68936436e-001	
3.81783570e+002	-7.34609467e-001	
3.82109046e+002	-6.43376139e-001	
3.82434522e+002	-5.88160318e-001	
3.82759998e+002	-6.29052590e-001	
3.83085474e+002	-6.34549838e-001	
3.83410950e+002	-5.68248761e-001	
3.83736427e+002	-5.52909493e-001	
3.84061903e+002	-5.59260960e-001	
3.84387379e+002	-5.64425403e-001	
3.84712855e+002	-5.65341980e-001	
3.85038331e+002	-5.65439440e-001	
3.85363808e+002	-5.65673661e-001	
3.85689284e+002	-5.65862885e-001	
3.86014760e+002	-5.65838502e-001	
3.86340236e+002	-5.66105104e-001	
3.86665712e+002	-5.65898929e-001	
3.86991189e+002	-5.65605912e-001	
3.87316665e+002	-5.66176753e-001	
3.87642141e+002	-5.65734723e-001	
3.87967617e+002	-5.65527182e-001	
3.88293093e+002	-5.64103527e-001	
3.88618569e+002	-5.46175838e-001	
3.88944046e+002	-4.89884262e-001	
3.89269522e+002	-4.80381051e-001	
3.89594998e+002	-5.48506719e-001	
3.89920474e+002	-5.80414640e-001	
3.90245950e+002	-5.83171904e-001	
3.90571427e+002	-5.70182685e-001	
3.90896903e+002	-5.02083752e-001	
3.91222379e+002	-3.90485906e-001	
3.91547855e+002	-3.31331718e-001	
3.91873331e+002	-3.28600434e-001	
3.92198808e+002	-3.28478562e-001	
3.92524284e+002	-3.28541388e-001	
3.92849760e+002	-3.28323296e-001	
3.93175236e+002	-3.28539252e-001	
3.93500712e+002	-3.28996506e-001	
3.93826189e+002	-3.28637111e-001	
3.94151665e+002	-3.28552417e-001	
3.94477141e+002	-3.28606524e-001	
3.94802617e+002	-3.28509610e-001	
3.95128093e+002	-3.28415510e-001	
3.95453569e+002	-3.27320830e-001	
3.95779046e+002	-3.24931597e-001	
3.96104522e+002	-3.53382373e-001	
3.96429998e+002	-3.85152993e-001	
3.96755474e+002	-3.87224525e-001	
3.97080950e+002	-3.87049397e-001	
3.97406427e+002	-3.87008793e-001	
3.97731903e+002	-3.86963197e-001	
3.98057379e+002	-3.86609449e-001	
3.98382855e+002	-3.85274466e-001	
3.98708331e+002	-3.51980512e-001	
3.99033808e+002	-2.46432795e-001	
3.99359284e+002	-1.31608372e-001	
3.99684760e+002	-1.06908204e-001	
4.00010236e+002	-1.06329561e-001	
4.00335712e+002	-1.06314258e-001	
4.00661188e+002	-1.06301607e-001	
4.00986665e+002	-1.06364957e-001	
4.01312141e+002	-1.06356820e-001	
4.01637617e+002	-1.06350900e-001	
4.01963093e+002	-1.06458316e-001	
4.02288569e+002	-1.07717989e-001	
4.02614046e+002	-1.44464997e-001	
4.02939522e+002	-1.95573173e-001	
4.03264998e+002	-2.02078503e-001	
4.03590474e+002	-2.02143245e-001	
4.03915950e+002	-2.02159737e-001	
4.04241427e+002	-2.02126530e-001	
4.04566903e+002	-2.02226962e-001	
4.04892379e+002	-2.02172785e-001	
4.05217855e+002	-2.02160752e-001	
4.05543331e+002	-2.02089750e-001	
4.05868808e+002	-2.02167656e-001	
4.06194284e+002	-2.01816896e-001	
4.06519760e+002	-1.93624320e-001	
4.06845236e+002	-1.18136195e-001	
4.07170712e+002	1.53355900e-002	
4.07496188e+002	8.50566708e-002	
4.07821665e+002	9.04651554e-002	
4.08147141e+002	9.03302212e-002	
4.08472617e+002	9.03779606e-002	
4.08798093e+002	8.92474569e-002	
4.09123569e+002	6.12208908e-002	
4.09449046e+002	-8.44051371e-003	
4.09774522e+002	-2.38310169e-002	
4.10099998e+002	-2.45094005e-002	
4.10425474e+002	-2.45283006e-002	
4.10750950e+002	-2.45137852e-002	
4.11076427e+002	-2.45184195e-002	
4.11401903e+002	-2.45121286e-002	
4.11727379e+002	-2.45065649e-002	
4.12052855e+002	-2.45116002e-002	
4.12378331e+002	-2.45067782e-002	
4.12703807e+002	-2.44921647e-002	
4.13029284e+002	-2.44870201e-002	
4.13354760e+002	-2.44799869e-002	
4.13680236e+002	-2.44518567e-002	
4.14005712e+002	-2.44448839e-002	
4.14331188e+002	-2.21461529e-002	
4.14656665e+002	8.72563479e-003	
4.14982141e+002	1.30089854e-001	
4.15307617e+002	2.40632567e-001	
4.15633093e+002	2.51905414e-001	
4.15958569e+002	1.82627922e-001	
4.16284046e+002	1.55162242e-001	
4.16609522e+002	1.54355239e-001	
4.16934998e+002	1.54347204e-001	
4.17260474e+002	1.54375470e-001	
4.17585950e+002	1.54408131e-001	
4.17911426e+002	1.54468282e-001	
4.18236903e+002	1.54481523e-001	
4.18562379e+002	1.54518554e-001	
4.18887855e+002	1.54464578e-001	
4.19213331e+002	1.54473014e-001	
4.19538807e+002	1.54510476e-001	
4.19864284e+002	1.54546380e-001	
4.20189760e+002	1.54498598e-001	
4.20515236e+002	1.54465745e-001	
4.20840712e+002	1.54467483e-001	
4.21166188e+002	1.54376912e-001	
4.21491665e+002	1.54381950e-001	
4.21817141e+002	1.54371400e-001	
4.22142617e+002	1.54336652e-001	
4.22468093e+002	1.44176798e-001	
4.22793569e+002	1.92415321e-001	
4.23119046e+002	3.04827173e-001	
4.23444522e+002	3.44534944e-001	
4.23769998e+002	3.50025641e-001	
4.24095474e+002	3.50148474e-001	
4.24420950e+002	3.50277307e-001	
4.24746426e+002	3.50388891e-001	
4.25071903e+002	3.50337143e-001	
4.25397379e+002	3.50419364e-001	
4.25722855e+002	3.50598764e-001	
4.26048331e+002	3.50509914e-001	
4.26373807e+002	3.50590526e-001	
4.26699284e+002	3.50479916e-001	
4.27024760e+002	3.50534669e-001	
4.27350236e+002	3.50460136e-001	
4.27675712e+002	3.50493723e-001	
4.28001188e+002	3.50701836e-001	
4.28326665e+002	3.50278300e-001	
4.28652141e+002	3.50034534e-001	
4.28977617e+002	3.44824220e-001	
4.29303093e+002	3.15766642e-001	
4.29628569e+002	3.10378836e-001	
4.29954045e+002	3.13218988e-001	
4.30279522e+002	3.15411489e-001	
4.30604998e+002	3.55308795e-001	
4.30930474e+002	4.67807279e-001	
4.31255950e+002	5.49082217e-001	
4.31581426e+002	5.66894328e-001	
4.31906903e+002	5.69652348e-001	
4.32232379e+002	5.69821467e-001	
4.32557855e+002	5.70025668e-001	
4.32883331e+002	5.69952747e-001	
4.33208807e+002	5.70125474e-001	
4.33534284e+002	5.70053546e-001	
4.33859760e+002	5.70018367e-001	
4.34185236e+002	5.70025212e-001	
4.34510712e+002	5.70189431e-001	
4.34836188e+002	5.70005566e-001	
4.35161665e+002	5.68868737e-001	
4.35487141e+002	5.59345372e-001	
4.35812617e+002	5.07923291e-001	
4.36138093e+002	4.64741860e-001	
4.36463569e+002	5.13532013e-001	
4.36789045e+002	5.55361277e-001	
4.37114522e+002	5.60872107e-001	
4.37439998e+002	5.61102182e-001	
4.37765474e+002	5.56688040e-001	
4.38090950e+002	5.48455548e-001	
4.38416426e+002	5.54244870e-001	
4.38741903e+002	6.23104217e-001	
4.39067379e+002	7.19180564e-001	
4.39392855e+002	7.67223569e-001	
4.39718331e+002	7.77867725e-001	
4.40043807e+002	7.80641024e-001	
4.40369284e+002	7.81203578e-001	
4.40694760e+002	7.81349725e-001	
4.41020236e+002	7.81207667e-001	
4.41345712e+002	7.81021577e-001	
4.41671188e+002	7.78076072e-001	
4.41996664e+002	7.62431657e-001	
4.42322141e+002	6.97253870e-001	
4.42647617e+002	5.98298914e-001	
4.42973093e+002	5.93085330e-001	
4.43298569e+002	6.89493180e-001	
4.43624045e+002	7.52457965e-001	
4.43949522e+002	7.71169896e-001	
4.44274998e+002	7.74970218e-001	
4.44600474e+002	7.74949047e-001	
4.44925950e+002	7.72546132e-001	
4.45251426e+002	7.62707180e-001	
4.45576903e+002	7.19763401e-001	
4.45902379e+002	6.59234516e-001	
4.46227855e+002	6.50555194e-001	
4.46553331e+002	7.08005271e-001	
4.46878807e+002	8.17718949e-001	
4.47204283e+002	9.01438884e-001	
4.47529760e+002	9.33490106e-001	
4.47855236e+002	9.40343928e-001	
4.48180712e+002	9.39326015e-001	
4.48506188e+002	9.20176092e-001	
4.48831664e+002	8.55529219e-001	
4.49157141e+002	7.40009466e-001	
4.49482617e+002	6.52362280e-001	
4.49808093e+002	6.98880744e-001	
4.50133569e+002	8.16442153e-001	
4.50459045e+002	8.97926164e-001	
4.50784522e+002	9.23154295e-001	
4.51109998e+002	9.30327479e-001	
4.51435474e+002	9.32200996e-001	
4.51760950e+002	9.32147121e-001	
4.52086426e+002	9.31900016e-001	
4.52411903e+002	9.28902301e-001	
4.52737379e+002	9.20431950e-001	
4.53062855e+002	8.90665456e-001	
4.53388331e+002	8.11341674e-001	
4.53713807e+002	7.25316899e-001	
4.54039283e+002	7.03565078e-001	
4.54364760e+002	7.56695473e-001	
4.54690236e+002	8.71085564e-001	
4.55015712e+002	9.65205718e-001	
4.55341188e+002	9.63302263e-001	
4.55666664e+002	8.67307973e-001	
4.55992141e+002	7.31245794e-001	
4.56317617e+002	6.89768960e-001	
4.56643093e+002	7.83371730e-001	
4.56968569e+002	9.09142620e-001	
4.57294045e+002	9.82811678e-001	
4.57619522e+002	1.00638431e+000	
4.57944998e+002	1.01270361e+000	
4.58270474e+002	1.01622403e+000	
4.58595950e+002	1.01704512e+000	
4.58921426e+002	1.01737198e+000	
4.59246902e+002	1.01659092e+000	
4.59572379e+002	1.01589495e+000	
4.59897855e+002	1.01307828e+000	
4.60223331e+002	1.00863916e+000	
4.60548807e+002	9.94213041e-001	
4.60874283e+002	9.49727824e-001	
4.61199760e+002	8.61957758e-001	
4.61525236e+002	7.71570273e-001	
4.61850712e+002	7.42307825e-001	
4.62176188e+002	7.61085004e-001	
4.62501664e+002	7.63570085e-001	
4.62827141e+002	7.16940424e-001	
4.63152617e+002	7.38776667e-001	
4.63478093e+002	8.54338620e-001	
4.63803569e+002	9.64150846e-001	
4.64129045e+002	1.01615454e+000	
4.64454522e+002	1.02825979e+000	
4.64779998e+002	1.03554936e+000	
4.65105474e+002	1.03741139e+000	
4.65430950e+002	1.03859034e+000	
4.65756426e+002	1.03881998e+000	
4.66081902e+002	1.03871200e+000	
4.66407379e+002	1.03815898e+000	
4.66732855e+002	1.03761623e+000	
4.67058331e+002	1.03771953e+000	
4.67383807e+002	1.03665741e+000	
4.67709283e+002	1.03279310e+000	
4.68034760e+002	1.02669438e+000	
4.68360236e+002	1.01101376e+000	
4.68685712e+002	9.60614310e-001	
4.69011188e+002	8.31872611e-001	
4.69336664e+002	6.56747624e-001	
4.69662141e+002	5.76131461e-001	
